,longitude,latitude
0,37.597504,55.752566
1,37.65638,55.743755
2,37.577975,55.743659
3,37.678999,55.76956
4,37.622432,55.774887
5,37.629295,55.766856
6,37.607637,55.717964
7,37.565973,55.767722
8,37.920197,55.700816
9,37.570474,55.72961
10,37.622118,55.740928
11,37.629107,55.746801
12,37.655095,55.748321
13,37.635566,55.763878
14,37.64781,55.75287
15,37.63668,55.744845
16,37.633284,55.73926
17,37.622881,55.740725
18,37.627337,55.745159
19,37.627562,55.747596
20,37.62325,55.741227
21,37.63606,55.753823
22,37.631469,55.761573
23,37.625082,55.744399
24,37.637982,55.753899
25,37.653155,55.742078
26,37.597279,55.772072
27,37.598106,55.756888
28,37.614572,55.736295
29,37.634829,55.731181
30,37.594926,55.747394
31,37.616018,55.76486
32,37.616494,55.711113
33,39.876009,59.216706
34,37.62183,55.757146
35,37.624696,55.742433
36,37.643363,55.753402
37,37.654071,55.762865
38,37.653155,55.742078
39,37.600891,55.756928
40,37.628631,55.77074
41,37.625621,55.754654
42,37.633787,55.752855
43,37.611347,55.760241
44,37.637012,55.757602
45,37.605795,55.756665
46,37.642528,55.735707
47,37.626088,55.747252
48,37.609173,55.731176
49,37.649238,55.754096
50,37.649238,55.754096
51,37.628595,55.760216
52,37.638647,55.743066
53,37.629709,55.758625
54,37.630203,55.727582
55,37.63835,55.753564
56,37.623232,55.761583
57,37.620725,55.74035
58,37.642249,55.759056
59,37.633688,55.782547
60,37.60196,55.743857
61,37.593938,55.750459
62,37.632511,55.760925
63,37.635745,55.739919
64,39.874536,59.215043
65,37.627121,55.741029
66,37.649633,55.760697
67,37.639051,55.757992
68,37.624382,55.727917
69,37.634721,55.699106
70,30.458503,59.880861
71,37.619549,55.732514
72,37.57925,55.73036
73,37.594288,55.763624
74,37.599292,55.751812
75,37.607987,55.747145
76,37.623968,55.736883
77,37.629745,55.742879
78,37.651124,55.771282
79,37.628146,55.719536
80,37.656622,55.761705
81,37.61627,55.763893
82,37.635611,55.73221
83,37.617698,55.758777
84,37.671849,55.736235
85,37.61,55.742331
86,37.629206,55.741571
87,37.60054,55.755388
88,37.657718,55.762368
89,37.649966,55.758301
90,37.61194,55.739559
91,37.625981,55.747616
92,37.631829,55.76486
93,37.653343,55.741901
94,37.654304,55.758742
95,37.6312,55.75667
96,37.656137,55.747368
97,37.566072,55.744632
98,37.590524,55.765225
99,37.662659,55.766466
100,37.593093,55.753027
101,37.607772,55.765387
102,37.606334,55.77237
103,37.65549,55.761087
104,37.672118,55.775545
105,37.559415,55.767392
106,37.561625,55.754942
107,37.592752,55.738019
108,37.697594,55.78081
109,37.645402,55.729224
110,37.632161,55.770851
111,37.673987,55.776137
112,37.655239,55.751148
113,37.585305,55.777312
114,37.626564,55.730274
115,37.607628,55.747089
116,37.601241,55.761806
117,37.645294,55.727658
118,37.622738,55.769479
119,37.609083,55.736463
120,37.598825,55.778796
121,37.586446,55.751188
122,37.620815,55.767818
123,37.679969,55.747317
124,37.625927,55.769449
125,37.59639,55.71734
126,37.670312,55.770547
127,37.550774,55.757977
128,37.68217,55.760692
129,37.602759,55.764268
130,37.597208,55.773155
131,37.573995,55.761624
132,37.575621,55.729524
133,37.61291,55.728469
134,37.61892,55.734151
135,37.562874,55.724865
136,37.585835,55.769808
137,37.611886,55.721392
138,37.625828,55.72887
139,37.663539,55.745716
140,37.614734,55.739357
141,37.618057,55.757293
142,37.580634,55.774112
143,37.634631,55.766952
144,37.665381,55.773413
145,37.662722,55.710002
146,37.658913,55.75864
147,37.638512,55.769378
148,37.674112,55.729939
149,37.688836,55.70525
150,37.632161,55.770988
151,37.644333,55.727693
152,37.648465,55.70285
153,37.64259,55.768289
154,37.629709,55.758625
155,37.610817,55.752825
156,37.634964,55.742686
157,37.637434,55.771651
158,37.603657,55.773241
159,37.672729,55.728211
160,37.594234,55.772026
161,37.584901,55.751908
162,37.624166,55.766734
163,37.600352,55.778634
164,39.878138,59.220165
165,37.671301,55.742798
166,37.610988,55.728778
167,37.570986,55.761695
168,37.57519,55.782193
169,37.61759,55.706447
170,37.620339,55.771661
171,37.664976,55.756249
172,37.670914,55.714191
173,37.609937,55.765777
174,37.656101,55.776497
175,37.607511,55.712969
176,37.656002,55.784116
177,37.582206,55.777388
178,37.658994,55.769367
179,37.64312,55.76134
180,37.599364,55.781696
181,37.615461,55.741541
182,37.61291,55.728469
183,37.584299,55.791344
184,37.604241,55.766147
185,37.627202,55.747956
186,37.590713,55.752141
187,37.609119,55.765954
188,37.634074,55.781296
189,37.631469,55.761573
190,37.64162,55.770552
191,37.66424,55.734501
192,37.610404,55.823424
193,37.636212,55.754562
194,37.623232,55.761583
195,37.637749,55.705452
196,37.664123,55.766511
197,37.572225,55.758038
198,37.624885,55.709622
199,37.613799,55.780816
200,37.576789,55.730847
201,39.345464,48.558168
202,37.566494,55.743041
203,37.636724,55.786404
204,37.624337,55.709683
205,37.624247,55.761907
206,39.405013,48.648827
207,37.658428,55.760155
208,37.602535,55.753899
209,37.660521,55.739498
210,37.627265,55.723273
211,37.628729,55.779687
212,37.605292,55.761477
213,37.635332,55.757501
214,37.640641,55.736341
215,37.620339,55.771661
216,37.631442,55.767818
217,37.656424,55.705402
218,37.545617,55.732164
219,37.658428,55.760155
220,37.602535,55.753899
221,37.660521,55.739498
222,37.627265,55.723273
223,37.624804,55.708861
224,37.628729,55.779687
225,37.605292,55.761477
226,37.635332,55.757501
227,37.640641,55.736341
228,37.620339,55.771661
229,37.631442,55.767818
230,37.656424,55.705402
231,37.637174,55.771651
232,37.61715,55.758549
233,37.634811,55.735576
234,37.655131,55.748949
235,37.636374,55.72777
236,37.50822,55.758397
237,37.61468,55.755753
238,37.653972,55.723922
239,72.808535,40.504244
240,37.598411,55.771884
241,37.62616,55.726654
242,37.650945,55.767241
243,37.598411,55.771884
244,37.62616,55.726654
245,37.650945,55.767241
246,37.661985,55.772183
247,37.690614,55.778897
248,37.60072,55.780497
249,37.587614,55.753083
250,37.560017,55.728089
251,37.598825,55.778796
252,37.626178,55.726877
253,37.65788,55.739473
254,37.60151,55.754836
255,37.614608,55.755773
256,37.670232,55.769367
257,30.470288,50.425737
258,37.64312,55.76134
259,37.601169,55.767418
260,37.633688,55.757409
261,37.645708,55.759157
262,37.599822,55.754142
263,37.656901,55.759957
264,37.657188,55.758691
265,37.619728,55.763001
266,37.633949,55.780203
267,37.645708,55.759157
268,37.599822,55.754142
269,37.656901,55.759957
270,37.657188,55.758691
271,37.619728,55.763001
272,37.633949,55.780203
273,37.542428,55.786313
274,37.689905,55.723876
275,37.625846,55.760038
276,37.566072,55.744632
277,37.631739,55.76018
278,37.562676,55.761872
279,37.641486,55.761735
280,37.626241,55.784789
281,37.652688,55.758564
282,37.628011,55.719232
283,37.671112,55.733462
284,37.639455,55.729741
285,37.538134,55.691526
286,37.64648,55.716022
287,37.658571,55.740532
288,37.689833,55.706573
289,37.657538,55.763584
290,37.642249,55.759056
291,56.244409,58.006264
292,37.628011,55.719232
293,37.671112,55.733462
294,37.639455,55.729741
295,37.538134,55.691526
296,37.64648,55.716022
297,37.658571,55.740532
298,37.689833,55.706573
299,37.657538,55.763584
300,37.642249,55.759056
301,56.244409,58.006264
302,37.592563,55.772416
303,37.681847,55.747799
304,37.595465,55.773145
305,37.633688,55.757409
306,37.635449,55.722948
307,37.590138,55.737532
308,37.650262,55.756462
309,37.633068,55.77796
310,37.589042,55.765215
311,37.602885,55.771565
312,37.601681,55.764759
313,37.669531,55.75323
314,37.634793,55.730421
315,37.593075,55.780213
316,37.638413,55.73443
317,37.657538,55.763584
318,37.676969,55.766253
319,37.642249,55.759056
320,56.244409,58.006264
321,37.592563,55.772416
322,37.681847,55.747799
323,37.60743,55.776618
324,37.595465,55.773145
325,37.633688,55.757409
326,37.635449,55.722948
327,37.590138,55.737532
328,37.650262,55.756462
329,37.633068,55.77796
330,37.589042,55.765215
331,37.602885,55.771565
332,37.601681,55.764759
333,37.669531,55.75323
334,37.634793,55.730421
335,37.593075,55.780213
336,37.638413,55.73443
337,37.579951,55.728084
338,37.600891,55.73259
339,37.660736,55.769864
340,37.729619,55.782835
341,37.582116,55.778735
342,37.602885,55.771565
343,37.601681,55.764759
344,37.669531,55.75323
345,37.634793,55.730421
346,37.593075,55.780213
347,37.638413,55.73443
348,37.579951,55.728084
349,37.600891,55.73259
350,37.660736,55.769864
351,37.729619,55.782835
352,37.582116,55.778735
353,37.635916,55.730213
354,37.617114,55.757131
355,37.654466,55.744135
356,37.587371,55.783939
357,37.588341,55.734719
358,37.676214,55.716392
359,76.888889,43.262943
360,37.67095,55.751959
361,37.560386,55.807784
362,37.661356,55.757085
363,37.570474,55.72961
364,37.626789,55.773935
365,37.60673,55.767296
366,37.574265,55.693389
367,37.638413,55.73443
368,37.579951,55.728084
369,37.600891,55.73259
370,37.660736,55.769864
371,37.729619,55.782835
372,37.582116,55.778735
373,37.635916,55.730213
374,37.617114,55.757131
375,37.654466,55.744135
376,37.587371,55.783939
377,37.588341,55.734719
378,37.676214,55.716392
379,76.888889,43.262943
380,37.67095,55.751959
381,37.560386,55.807784
382,37.661356,55.757085
383,37.570474,55.72961
384,37.626789,55.773935
385,37.60673,55.767296
386,37.574265,55.693389
387,37.602624,55.734618
388,37.682368,55.725732
389,37.600783,55.786774
390,37.632098,55.780319
391,37.650819,55.72091
392,37.598869,55.778082
393,37.587371,55.783939
394,37.588341,55.734719
395,37.676214,55.716392
396,76.888889,43.262943
397,37.67095,55.751959
398,37.560386,55.807784
399,37.661356,55.757085
400,37.570474,55.72961
401,37.626789,55.773935
402,37.60673,55.767296
403,37.574265,55.693389
404,37.602624,55.734618
405,37.682368,55.725732
406,37.600783,55.786774
407,37.632098,55.780319
408,37.650819,55.72091
409,37.622244,55.784395
410,37.681371,55.753747
411,37.645842,55.734689
412,37.569899,55.762272
413,37.658203,55.760641
414,37.609901,55.712158
415,37.654601,55.710124
416,37.623483,55.768025
417,37.617114,55.757131
418,37.654466,55.744135
419,37.598869,55.778082
420,37.587371,55.783939
421,37.588341,55.734719
422,37.676214,55.716392
423,76.888889,43.262943
424,37.67095,55.751959
425,37.560386,55.807784
426,37.661356,55.757085
427,37.570474,55.72961
428,37.626789,55.773935
429,37.60673,55.767296
430,37.609254,55.740654
431,37.574265,55.693389
432,37.602624,55.734618
433,37.682368,55.725732
434,37.600783,55.786774
435,37.632098,55.780319
436,37.650819,55.72091
437,37.622244,55.784395
438,37.681371,55.753747
439,37.645842,55.734689
440,37.569899,55.762272
441,37.658203,55.760641
442,37.67095,55.751959
443,37.560386,55.807784
444,37.661356,55.757085
445,37.570474,55.72961
446,37.626789,55.773935
447,37.60673,55.767296
448,37.609254,55.740654
449,37.574265,55.693389
450,37.602624,55.734618
451,37.682368,55.725732
452,37.600783,55.786774
453,37.632098,55.780319
454,37.652831,55.720443
455,37.622244,55.784395
456,37.681371,55.753747
457,37.645842,55.734689
458,37.569899,55.762272
459,37.658203,55.760641
460,37.609901,55.712158
461,37.654601,55.710124
462,37.623483,55.768025
463,37.653873,55.704473
464,37.652768,55.711316
465,37.559972,55.746578
466,37.659164,55.757339
467,37.632098,55.780319
468,37.650819,55.72091
469,37.622244,55.784395
470,37.681371,55.753747
471,37.645842,55.734689
472,37.570986,55.761695
473,37.658203,55.760641
474,37.609901,55.712158
475,37.654601,55.710124
476,37.623483,55.768025
477,37.653873,55.704473
478,37.652768,55.711316
479,37.559972,55.746578
480,37.659164,55.757339
481,39.823601,57.608314
482,37.67528,55.771611
483,37.648501,55.760114
484,37.645986,55.778598
485,37.600307,55.742914
486,37.667321,55.738865
487,37.606263,55.753301
488,37.665974,55.739787
489,37.659326,55.785118
490,37.576133,55.690735
491,37.669764,55.752409
492,37.606263,55.753301
493,37.665974,55.739787
494,37.659326,55.785118
495,37.576133,55.690735
496,37.669764,55.752409
497,37.642249,55.759056
498,37.65399,55.740122
499,37.590659,55.792609
500,37.66795,55.752835
501,37.565937,55.762693
502,37.626564,55.730274
503,37.626573,55.732317
504,37.65567,55.773611
505,37.669809,55.765397
506,37.66106,55.784187
507,37.532475,55.725716
508,37.644576,55.768719
509,37.521354,55.778274
510,37.677885,55.789922
511,37.614401,55.768071
512,37.536877,55.688974
513,37.659326,55.789628
514,37.671588,55.752972
515,37.680814,55.773479
516,37.569468,55.797574
517,37.614401,55.768071
518,37.536877,55.688974
519,37.659326,55.789628
520,37.671588,55.752972
521,37.680814,55.773479
522,37.569468,55.797574
523,74.837461,42.892438
524,37.566072,55.744632
525,37.637461,55.754557
526,37.614788,55.763427
527,37.633706,55.779606
528,37.620321,55.728849
529,37.633841,55.782982
530,37.610979,55.766699
531,37.559622,55.749324
532,37.587128,55.774563
533,37.560538,55.749172
534,37.551699,55.733214
535,37.658913,55.75864
536,37.64321,55.775677
537,37.623681,55.70003
538,37.644585,55.72522
539,37.583391,55.791668
540,37.624651,55.760195
541,37.567698,55.727374
542,37.644585,55.72522
543,37.583391,55.791668
544,37.624651,55.760195
545,37.567698,55.727374
546,37.704538,55.783286
547,37.596148,55.750712
548,37.579771,55.763807
549,37.648456,55.772168
550,37.610988,55.728778
551,37.642887,55.776684
552,37.652705,55.708354
553,37.663225,55.734755
554,37.622801,55.761852
555,37.626807,55.727258
556,37.65629,55.761305
557,37.608625,55.76761
558,37.663476,55.710438
559,37.635269,55.731303
560,37.674067,55.774684
561,37.61468,55.755753
562,37.682682,55.72598
563,37.626951,55.768907
564,37.648421,55.770704
565,37.660404,55.765853
566,37.584901,55.751908
567,37.584901,55.751908
568,37.633068,55.771474
569,37.570465,55.781509
570,37.607628,55.747089
571,37.670205,55.734309
572,37.705095,55.781717
573,37.595833,55.762617
574,37.625055,55.758453
575,37.560017,55.728089
576,37.663881,55.7296
577,37.608643,55.765716
578,37.579645,55.726877
579,37.613835,55.727876
580,37.651762,55.77276
581,37.630858,55.729077
582,37.615084,55.741784
583,37.638018,55.709678
584,37.543192,55.685782
585,39.212935,51.680598
586,37.623375,55.77835
587,37.690039,55.779464
588,37.662991,55.742255
589,37.632727,55.761138
590,37.682682,55.72598
591,37.589231,55.753564
592,37.661383,55.754644
593,37.620663,55.772173
594,37.567294,55.807162
595,37.62819,55.730634
596,37.639455,55.729741
597,37.663018,55.761279
598,37.513107,55.745797
599,37.675604,55.776198
600,37.547468,55.733457
601,37.590659,55.792609
602,37.635566,55.763878
603,37.693785,55.814593
604,37.647549,55.743537
605,37.612982,55.760236
606,37.622612,55.729331
607,37.681847,55.747799
608,37.658967,55.740238
609,37.611886,55.721392
610,37.574678,55.720864
611,37.635305,55.763462
612,37.67298,55.774948
613,37.676699,55.792311
614,37.637668,55.77792
615,37.653873,55.72236
616,37.655032,55.736093
617,37.598232,55.782906
618,37.665408,55.785513
619,37.705841,55.782861
620,37.574534,55.714942
621,37.551914,55.758651
622,37.545087,55.793627
623,37.63376,55.780689
624,37.624166,55.766734
625,37.717977,55.685077
626,37.588718,55.736154
627,37.537083,55.749511
628,37.635305,55.763462
629,37.696444,55.716919
630,37.646804,55.760276
631,37.659838,55.736681
632,37.676062,55.776512
633,37.572216,55.73884
634,37.679071,55.762718
635,-75.158788,39.953596
636,37.623295,55.761918
637,37.609056,55.741242
638,37.626088,55.747252
639,37.606882,55.777899
640,37.561203,55.748478
641,37.609254,55.740654
642,37.629502,55.743385
643,37.605553,55.734126
644,37.680949,55.726294
645,37.654421,55.780087
646,37.566072,55.744632
647,37.539608,55.690689
648,37.561122,55.723166
649,37.688908,55.707578
650,37.593075,55.780213
651,37.594881,55.737512
652,37.647235,55.732063
653,37.683212,55.74944
654,37.630023,55.747353
655,37.68067,55.708308
656,37.734201,55.783089
657,73.385549,54.915896
658,37.639455,55.729741
659,37.663836,55.760656
660,37.566054,55.756908
661,53.001293,51.16163
662,37.585637,55.761355
663,37.612506,55.766942
664,37.577157,55.769094
665,37.600666,55.772188
666,37.721292,55.713441
667,37.589096,55.753129
668,37.579044,55.744982
669,37.646318,55.768375
670,37.53561,55.756969
671,37.641755,55.769955
672,37.630535,55.74413
673,37.616494,55.711113
674,37.632565,55.792746
675,37.65567,55.773611
676,37.598528,55.781398
677,37.597118,55.770284
678,37.593902,55.797007
679,37.548294,55.739291
680,37.662686,55.743188
681,37.673169,55.738079
682,37.543524,55.773105
683,37.623483,55.768025
684,37.613961,55.720895
685,37.570312,55.762505
686,37.627589,55.762353
687,37.615371,55.704524
688,37.6638,55.740132
689,37.618057,55.757293
690,37.668165,55.710372
691,37.655347,55.776127
692,37.659488,55.692364
693,37.600657,55.790545
694,37.67431,55.774269
695,37.562604,55.737836
696,37.589186,55.734648
697,30.3193,59.930976
698,37.65567,55.773611
699,37.636994,55.762363
700,37.674067,55.774684
701,37.663018,55.761279
702,37.620968,55.765615
703,37.55487,55.756123
704,37.628029,55.755864
705,37.597917,55.7824
706,37.652292,55.721184
707,37.636015,55.761821
708,37.564383,55.767271
709,37.573312,55.703033
710,37.52307,55.772239
711,37.620474,55.773236
712,37.626232,55.729366
713,37.626717,55.722882
714,37.640956,55.784425
715,37.665408,55.785513
716,37.690614,55.778897
717,37.612075,55.797837
718,37.62634,55.758458
719,37.579645,55.726877
720,37.566072,55.744632
721,37.60752,55.776978
722,37.643983,55.730188
723,37.682583,55.771626
724,37.707098,55.747363
725,37.635422,55.754512
726,37.70302,55.749552
727,37.664437,55.760585
728,37.686491,55.710418
729,37.641962,55.76877
730,37.652472,55.741009
731,37.543318,55.687497
732,37.600594,55.779155
733,37.61892,55.734151
734,37.585422,55.805862
735,37.603891,55.767717
736,37.683976,55.768127
737,37.688575,55.707811
738,37.582439,55.724996
739,37.714348,55.782319
740,37.744226,55.759709
741,37.592411,55.752141
742,37.619324,55.756533
743,37.625585,55.770735
744,37.58897,55.732241
745,37.59356,55.765716
746,37.659164,55.757339
747,37.585934,55.775555
748,37.563817,55.724429
749,37.630203,55.727582
750,37.590749,55.77119
751,37.671938,55.775753
752,37.577543,55.786435
753,37.59206,55.780426
754,37.660512,55.767382
755,37.654556,55.762768
756,37.623483,55.768025
757,37.620321,55.728849
758,37.593075,55.780213
759,37.65567,55.773611
760,37.646777,55.726294
761,37.580867,55.759223
762,37.583077,55.759557
763,37.588718,55.736154
764,37.723367,55.782623
765,74.606234,42.862265
766,37.643183,55.769145
767,37.580714,55.786748
768,37.535826,55.741475
769,37.582511,55.75783
770,37.599094,55.764171
771,37.715093,55.771115
772,37.584155,55.775388
773,37.673987,55.776137
774,37.655347,55.776127
775,37.615371,55.704524
776,37.643381,55.726446
777,37.524327,55.741049
778,37.664437,55.760585
779,37.654637,55.769859
780,37.676592,55.721412
781,37.61468,55.755753
782,37.618668,55.737339
783,37.65178,55.760145
784,37.657628,55.741434
785,37.634479,55.785964
786,37.704116,55.782071
787,37.691351,55.780709
788,37.584299,55.791344
789,37.627544,55.722679
790,37.584559,55.760099
791,37.656613,55.708496
792,37.59648,55.756721
793,30.460937,59.880067
794,37.676969,55.714713
795,37.583311,55.78644
796,37.581316,55.719338
797,37.558688,55.728976
798,37.608266,55.719455
799,37.66998,55.752045
800,37.561509,55.692475
801,37.662219,55.753838
802,37.414921,55.981404
803,37.604942,55.756386
804,37.659308,55.738586
805,37.583868,55.775125
806,37.561086,55.731242
807,37.679026,55.723567
808,37.633715,55.725321
809,37.66512,55.752095
810,37.6107,55.721686
811,37.659973,55.741526
812,37.622333,55.788722
813,37.621211,55.723328
814,37.697433,55.798176
815,37.621714,55.720687
816,37.707098,55.747363
817,37.657323,55.776811
818,37.545932,55.774274
819,83.949962,53.385058
820,37.599911,55.782182
821,37.570321,55.78037
822,37.556559,55.763523
823,37.609092,55.771585
824,37.680814,55.773479
825,37.55107,55.734075
826,37.657116,55.75939
827,37.672729,55.728211
828,37.716666,55.76129
829,37.582682,55.781433
830,85.121715,52.411874
831,37.631056,55.759973
832,37.70337,55.748539
833,37.607269,55.752475
834,37.583338,55.788196
835,37.639788,55.726244
836,37.579645,55.726877
837,37.721292,55.783605
838,37.660377,55.784658
839,37.681038,55.748179
840,37.636311,55.729696
841,37.584748,55.784045
842,37.663916,55.741576
843,37.659164,55.757339
844,37.648456,55.772168
845,37.614797,55.709439
846,37.576789,55.730847
847,37.635916,55.730213
848,37.699157,55.749516
849,37.52042,55.777915
850,37.589536,55.742514
851,37.628747,55.780385
852,37.579349,55.807531
853,37.654987,55.70669
854,37.705607,55.791582
855,37.653801,55.764683
856,37.695357,55.716569
857,37.713081,55.753575
858,37.66097,55.777616
859,37.711563,55.780006
860,37.539527,55.750479
861,37.660413,55.707892
862,37.589572,55.748736
863,37.56688,55.76251
864,37.721292,55.783605
865,37.630257,55.743132
866,37.666584,55.733918
867,37.670303,55.776173
868,37.635422,55.72056
869,37.624885,55.766972
870,37.68067,55.708308
871,37.628604,55.726457
872,37.664393,55.772264
873,37.60355,55.776264
874,37.652777,55.738764
875,37.634272,55.789072
876,37.636401,55.777261
877,37.585745,55.735013
878,37.6751,55.710687
879,37.639455,55.729741
880,28.859816,47.042864
881,37.624651,55.711868
882,37.655616,55.716691
883,37.662785,55.692308
884,37.737695,55.69899
885,37.652705,55.708354
886,37.546974,55.758114
887,37.681173,55.740517
888,37.59109,55.773945
889,37.606882,55.777899
890,37.633068,55.77796
891,37.586158,55.75204
892,37.596273,55.781919
893,37.58411,55.748037
894,37.645025,55.732514
895,37.554178,55.742554
896,37.609919,55.796471
897,37.59259,55.76288
898,37.573016,55.73627
899,37.639455,55.729741
900,37.658203,55.760641
901,37.513107,55.745797
902,37.621633,55.754638
903,37.713917,55.77118
904,37.603846,55.752642
905,37.715911,55.782927
906,37.587587,55.806484
907,37.720609,55.797463
908,37.710063,55.800423
909,37.590749,55.77119
910,37.59984,55.796223
911,37.72387,55.712589
912,37.556388,55.754203
913,37.623313,55.703144
914,37.651753,55.747622
915,37.588188,55.735474
916,37.624292,55.767848
917,37.733464,55.779322
918,37.538134,55.691526
919,37.636958,55.7544
920,37.591503,55.802998
921,37.639267,55.754046
922,37.679727,55.745605
923,37.593318,55.795499
924,37.652768,55.711316
925,37.712722,55.733579
926,37.666036,55.75937
927,37.744971,55.759532
928,37.584272,55.740472
929,37.623304,55.761148
930,37.551959,55.762409
931,37.721292,55.783605
932,37.652544,55.741865
933,37.585188,55.776001
934,37.707476,55.784724
935,37.620869,55.7322
936,37.671588,55.752972
937,37.589042,55.794472
938,37.53429,55.803231
939,37.601699,55.768056
940,37.733419,55.700694
941,37.620177,55.771145
942,37.655347,55.776127
943,37.653047,55.778178
944,37.59648,55.739047
945,37.678236,55.73514
946,37.659461,55.765346
947,37.659164,55.757339
948,37.608993,55.798637
949,37.660368,55.770785
950,37.735198,55.770309
951,37.620177,55.771145
952,37.567698,55.727374
953,37.666486,55.760813
954,37.632772,55.770259
955,37.728164,55.691734
956,37.634712,55.727501
957,37.663692,55.74263
958,37.643381,55.726446
959,37.540739,55.788161
960,37.619764,55.760798
961,61.396966,55.268631
962,37.596893,55.77076
963,37.626807,55.727258
964,37.625603,55.704022
965,37.689447,55.705645
966,37.626906,55.753534
967,37.5827,55.744713
968,37.659164,55.757339
969,37.691782,55.703921
970,37.726322,55.700679
971,37.648421,55.770704
972,37.581882,55.796785
973,37.656676,55.70741
974,37.651556,55.722157
975,37.586311,55.791091
976,37.651556,55.722157
977,37.651708,55.761517
978,37.602508,55.773748
979,37.672774,55.733128
980,37.566054,55.756908
981,37.59339,55.76721
982,37.529403,55.766299
983,37.719244,55.7836
984,49.310448,58.991426
985,37.54294,55.748924
986,37.597998,55.771266
987,37.563709,55.733239
988,37.597522,55.765407
989,37.615506,55.720525
990,37.621255,55.731105
991,37.662335,55.745336
992,37.557502,55.693394
993,37.625415,55.695667
994,37.671399,55.746279
995,37.537083,55.749511
996,37.622001,55.699999
997,37.579205,55.784152
998,37.562236,55.761365
999,37.545087,55.793627
1000,37.599292,55.751812
1001,37.589096,55.753129
1002,37.535898,55.687538
1003,37.585925,55.778461
1004,37.587533,55.791248
1005,37.677643,55.766577
1006,37.633248,55.771707
1007,37.70302,55.749552
1008,37.69313,55.779266
