,longitude,latitude
0,37.809479,55.70041
1,37.616243,55.729351
2,37.621741,55.727526
3,37.612173,55.71124
4,37.597127,55.766937
5,37.574363,55.677692
6,37.737614,55.670864
7,37.767717,55.652664
8,37.585691,55.709956
9,37.581613,55.774467
10,37.616917,55.76169
11,37.594288,55.763624
12,37.678155,55.67655
13,37.569216,55.783165
14,37.5198,55.78728
15,37.703514,55.733771
16,37.620088,55.772031
17,37.48084,55.621643
18,37.445814,55.671331
19,37.647037,55.822271
20,37.594288,55.763624
21,37.581613,55.774467
22,37.616917,55.76169
23,37.678155,55.67655
24,37.569216,55.783165
25,37.5198,55.78728
26,37.703514,55.733771
27,37.620088,55.772031
28,37.48084,55.621643
29,37.445814,55.671331
30,37.647037,55.822271
31,37.595833,55.762617
32,37.690614,55.778897
33,37.591171,55.77916
34,37.562137,55.785387
35,37.563179,55.862348
36,37.584901,55.751908
37,37.487856,55.792766
38,37.660359,55.669579
39,37.641836,55.734506
40,37.605256,55.771839
41,37.920197,55.700816
42,37.625001,55.745666
43,37.560502,55.6634
44,37.586904,55.77356
45,37.563179,55.862348
46,37.584901,55.751908
47,37.487856,55.792766
48,37.660359,55.669579
49,37.641836,55.734506
50,37.920197,55.700816
51,37.625001,55.745666
52,37.560502,55.6634
53,37.586904,55.77356
54,37.610152,55.750631
55,37.508122,55.743649
56,37.54736,55.840427
57,37.557233,55.67194
58,37.575235,55.737284
59,37.604816,55.745422
60,37.700146,55.608653
61,37.591027,55.80357
62,37.641243,55.738505
63,37.624031,55.773246
64,37.553388,55.745894
65,37.650352,55.766572
66,37.586796,55.778193
67,37.534918,55.649144
68,37.5865,55.762444
69,37.575235,55.737284
70,37.604816,55.745422
71,37.700146,55.608653
72,37.591027,55.80357
73,37.641243,55.738505
74,37.624031,55.773246
75,37.657323,55.776811
76,37.553388,55.745894
77,37.650352,55.766572
78,37.534918,55.649144
79,37.5865,55.762444
80,37.37977,55.711747
81,37.599417,55.782319
82,37.633841,55.771327
83,37.380175,55.694733
84,37.668767,55.836064
85,37.561509,55.75594
86,37.599714,55.756989
87,37.595869,55.726639
88,37.575819,55.753154
89,37.616962,55.763736
90,37.599417,55.782319
91,37.633841,55.771327
92,37.380175,55.694733
93,37.668767,55.836064
94,37.632745,55.810081
95,37.584811,55.799467
96,37.625846,55.760038
97,37.561509,55.75594
98,37.599714,55.756989
99,37.500207,55.697463
100,37.576789,55.730847
101,37.622091,55.708729
102,37.400935,55.714962
103,37.596174,55.72561
104,37.682601,55.772112
105,37.548321,55.680864
106,37.63173,55.75744
107,37.575378,55.739306
108,37.738522,55.730482
109,37.765372,55.706284
110,37.547315,55.754659
111,37.584775,55.76017
112,37.617887,55.763868
113,37.545824,55.666056
114,37.5804,55.746233
115,37.678523,55.793419
116,37.44497,55.881485
117,37.560071,55.755353
118,37.35901,55.794113
119,37.632107,55.778679
120,37.622082,55.765053
121,37.507008,55.711214
122,37.617141,55.795433
123,37.545824,55.666056
124,37.5804,55.746233
125,37.678523,55.793419
126,37.347269,55.855017
127,37.44497,55.881485
128,37.560071,55.755353
129,37.35901,55.794113
130,37.632107,55.778679
131,37.622082,55.765053
132,37.507008,55.711214
133,37.617141,55.795433
134,37.609847,55.753823
135,37.572279,55.679052
136,37.561257,55.684676
137,37.747091,55.659434
138,37.755311,55.748088
139,37.559415,55.673945
140,37.640434,55.683092
141,37.604574,55.767392
142,37.585943,55.75787
143,37.608383,55.764865
144,37.44409,55.850408
145,37.593093,55.708927
146,37.808428,55.639847
147,37.622819,55.787153
148,37.755311,55.748088
149,37.559415,55.673945
150,37.640434,55.683092
151,37.604574,55.767392
152,37.585943,55.75787
153,37.608383,55.764865
154,37.44409,55.850408
155,37.593093,55.708927
156,37.668974,55.734871
157,37.588566,55.713451
158,37.68314,55.772375
159,37.611167,55.73218
160,37.841406,55.703855
161,37.619764,55.760798
162,37.601879,55.690278
163,37.781928,55.719511
164,37.702158,55.782339
165,37.601106,55.780497
166,37.61777,55.728961
167,37.492635,55.851449
168,37.611383,55.726761
169,37.494602,55.828683
170,37.619764,55.760798
171,37.635305,55.736012
172,37.601879,55.690278
173,37.781928,55.719511
174,37.702158,55.782339
175,37.601106,55.780497
176,37.61777,55.728961
177,37.492635,55.851449
178,37.611383,55.726761
179,37.494602,55.828683
180,37.649076,55.736741
181,37.570501,55.762085
182,37.592797,55.771494
183,37.635691,55.754953
184,37.488475,55.734471
185,37.627175,55.762556
186,37.533921,55.692714
187,37.632727,55.766911
188,37.613449,55.762905
189,37.546111,55.679417
190,37.544629,55.790221
191,37.607134,55.751335
192,37.497656,55.657408
193,37.599911,55.782182
194,37.737614,55.670864
195,37.488475,55.734471
196,37.627175,55.762556
197,37.533921,55.692714
198,37.632727,55.766911
199,37.613449,55.762905
200,37.546111,55.679417
201,37.544629,55.790221
202,37.607134,55.751335
203,37.476169,55.727927
204,37.497656,55.657408
205,37.599911,55.782182
206,37.639455,55.729741
207,37.62572,55.763194
208,37.592698,55.793293
209,37.628756,55.740943
210,37.598052,55.758357
211,37.628271,55.741262
212,37.678272,55.772603
213,37.611167,55.73218
214,37.461903,55.805953
215,37.491063,55.683752
216,37.732467,55.766202
217,37.633733,55.830867
218,37.58579,55.758762
219,37.626717,55.722882
220,37.577975,55.743659
221,37.650864,55.829011
222,37.644791,55.728621
223,37.555364,55.758352
224,37.589904,55.869364
225,37.581523,55.747024
226,37.678272,55.772603
227,37.611167,55.73218
228,37.461903,55.805953
229,37.491063,55.683752
230,37.577975,55.743659
231,37.732467,55.766202
232,37.633733,55.830867
233,37.58579,55.758762
234,37.626717,55.722882
235,37.650864,55.829011
236,37.555364,55.758352
237,37.589904,55.869364
238,37.581523,55.747024
239,37.636653,55.800205
240,37.646193,55.770588
241,37.532951,55.640111
242,37.632305,55.756817
243,37.594513,55.773413
244,37.607053,55.765063
245,37.543354,55.865177
246,37.478441,55.779084
247,37.626214,55.752703
248,37.63023,55.740588
249,37.925542,55.702713
250,37.646193,55.770588
251,37.532951,55.640111
252,37.632305,55.756817
253,37.594513,55.773413
254,37.607053,55.765063
255,37.543354,55.865177
256,37.478441,55.779084
257,37.626214,55.752703
258,37.63023,55.740588
259,37.925542,55.702713
260,37.614222,55.784577
261,37.613701,55.762774
262,37.548124,55.774239
263,37.579744,55.782927
264,37.63809,55.708754
265,37.612497,55.739772
266,37.628729,55.779687
267,37.603487,55.745068
268,37.61671,55.759684
269,37.620896,55.757131
270,37.38207,55.652258
271,37.60549,55.749501
272,37.594701,55.763204
273,37.643929,55.732945
274,37.510915,55.706061
275,37.620896,55.757131
276,37.38207,55.652258
277,37.594701,55.763204
278,37.643929,55.732945
279,37.674499,55.73846
280,37.637389,55.754167
281,37.688117,55.76092
282,37.631721,55.773125
283,37.383624,55.844334
284,37.571803,55.766035
285,37.701304,55.764769
286,37.560152,55.874491
287,37.677427,55.745676
288,37.580517,55.745316
289,37.794226,55.744825
290,37.58491,55.769514
291,37.63173,55.75744
292,37.575378,55.739306
293,37.738522,55.730482
294,37.547315,55.754659
295,37.584775,55.76017
296,37.617887,55.763868
297,37.545824,55.666056
298,37.383624,55.844334
299,37.571803,55.766035
300,37.701304,55.764769
301,37.560152,55.874491
302,37.677427,55.745676
303,37.580517,55.745316
304,37.794226,55.744825
305,37.58491,55.769514
306,37.635161,55.791258
307,37.597028,55.772264
308,37.664914,55.678854
309,37.57961,55.759785
310,37.520339,55.805791
311,37.645779,55.712548
312,37.620869,55.7322
313,37.730904,55.644049
314,37.610871,55.772472
315,37.595348,55.750423
316,37.586329,55.75324
317,37.649678,55.772426
318,37.617518,55.777515
319,37.59498,55.762976
320,37.468389,55.859231
321,37.636024,55.763457
322,37.671399,55.746279
323,37.759713,55.803702
324,37.603271,55.640746
325,37.646768,55.769859
326,37.616629,55.74222
327,37.656676,55.76018
328,37.595689,55.744323
329,37.620869,55.7322
330,37.730904,55.644049
331,37.610871,55.772472
332,37.595348,55.750423
333,37.586329,55.75324
334,37.649678,55.772426
335,37.617518,55.777515
336,37.59498,55.762976
337,37.468389,55.859231
338,37.636024,55.763457
339,37.671399,55.746279
340,37.759713,55.803702
341,37.603271,55.640746
342,37.646768,55.769859
343,37.616629,55.74222
344,37.656676,55.76018
345,37.595689,55.744323
346,37.615758,55.763559
347,37.586329,55.75324
348,37.655095,55.764394
349,37.655616,55.742174
350,37.598447,55.740928
351,37.642132,55.774305
352,37.618039,55.761269
353,37.553217,55.920381
354,37.586329,55.75324
355,37.655095,55.764394
356,37.655616,55.742174
357,37.642132,55.774305
358,37.598447,55.740928
359,37.618039,55.761269
360,37.553217,55.920381
361,37.585673,55.857321
362,37.609631,55.741814
363,37.558679,55.694079
364,37.584901,55.751908
365,37.589006,55.734243
366,37.566764,55.752323
367,37.590021,55.762601
368,37.612623,55.761811
369,37.613072,55.744444
370,37.664581,55.711605
371,37.655032,55.739742
372,37.726772,55.702485
373,37.680517,55.790448
374,37.627669,55.756781
375,37.530526,55.802457
376,37.603675,55.756675
377,37.45195,55.849964
378,37.600594,55.779155
379,37.590021,55.762601
380,37.72449,55.605327
381,37.613072,55.744444
382,37.664581,55.711605
383,37.655032,55.739742
384,37.726772,55.702485
385,37.680517,55.790448
386,37.627669,55.756781
387,37.530526,55.802457
388,37.603675,55.756675
389,37.45195,55.849964
390,37.600594,55.779155
391,37.75302,55.664218
392,37.639455,55.729741
393,37.62572,55.763194
394,37.598052,55.758357
395,37.628271,55.741262
396,37.678272,55.772603
397,37.611167,55.73218
398,37.461903,55.805953
399,37.491063,55.683752
400,37.732467,55.766202
401,37.530526,55.802457
402,37.603675,55.756675
403,37.45195,55.849964
404,37.600594,55.779155
405,37.75302,55.664218
406,37.588602,55.779049
407,37.61644,55.758924
408,37.558858,55.857144
409,37.582511,55.75783
410,37.73394,55.699365
411,37.599696,55.757926
412,37.651205,55.766658
413,37.588916,55.752105
414,37.560413,55.755003
415,37.601744,55.756822
416,37.580373,55.761512
417,37.614294,55.761355
418,37.572082,55.781539
419,37.651601,55.739341
420,37.421874,55.850014
421,37.415407,55.741014
422,37.666036,55.731262
423,37.600522,55.759142
424,37.665363,55.741515
425,37.623483,55.768025
426,37.62696,55.745661
427,37.595941,55.768765
428,37.588359,55.747692
429,37.529142,55.663943
430,37.609164,55.742291
431,37.447234,55.834922
432,37.651601,55.739341
433,37.415407,55.741014
434,37.421874,55.850014
435,37.666036,55.731262
436,37.600522,55.759142
437,37.665363,55.741515
438,37.623483,55.768025
439,37.62696,55.745661
440,37.595941,55.768765
441,37.588359,55.747692
442,37.529142,55.663943
443,37.584964,55.806525
444,37.609164,55.742291
445,37.50036,55.817092
446,37.641674,55.751751
447,37.585808,55.852768
448,37.617114,55.757131
449,37.59189,55.779474
450,37.625981,55.747616
451,37.605337,55.756741
452,37.622082,55.759719
453,37.564904,55.750712
454,37.698151,55.7475
455,37.569953,55.756462
456,37.588359,55.747692
457,37.681047,55.791936
458,37.529142,55.663943
459,37.584964,55.806525
460,37.609164,55.742291
461,37.50036,55.817092
462,37.641674,55.751751
463,37.585808,55.852768
464,37.617114,55.757131
465,37.59189,55.779474
466,37.625981,55.747616
467,37.605337,55.756741
468,37.622082,55.759719
469,37.564904,55.750712
470,37.698151,55.7475
471,37.569953,55.756462
472,37.612057,55.775869
473,37.803784,55.714516
474,37.535547,55.68704
475,37.608275,55.76722
476,37.614743,55.760849
477,37.58694,55.723521
478,37.568075,55.658276
479,37.49488,55.692587
480,37.618057,55.757293
481,37.622082,55.759719
482,37.564904,55.750712
483,37.698151,55.7475
484,37.569953,55.756462
485,37.612057,55.775869
486,37.803784,55.714516
487,37.535547,55.68704
488,37.608275,55.76722
489,37.58694,55.723521
490,37.568075,55.658276
491,37.618057,55.757293
492,37.677463,55.723486
493,37.635161,55.791258
494,37.597028,55.772264
495,37.664914,55.678854
496,37.57961,55.759785
497,37.520339,55.805791
498,37.645779,55.712548
499,37.620869,55.7322
500,37.730904,55.644049
501,37.610871,55.772472
502,37.595348,55.750423
503,37.586329,55.75324
504,37.618057,55.757293
505,37.677463,55.723486
506,37.626564,55.730274
507,37.657538,55.763584
508,37.506091,55.805776
509,37.611679,55.731794
510,37.654601,55.710124
511,37.653873,55.704473
512,37.52598,55.802725
513,37.571067,55.761138
514,37.609613,55.740999
515,37.598393,55.747054
516,37.638171,55.745914
517,37.636778,55.757921
518,37.642312,55.732458
519,37.627032,55.745493
520,37.604753,55.647447
521,37.617285,55.75897
522,37.562748,55.755586
523,37.557807,55.764065
524,37.632772,55.770259
525,37.585691,55.709956
526,37.617114,55.757131
527,37.610898,55.752926
528,37.774427,55.759451
529,37.566764,55.752323
530,37.594288,55.763624
531,37.52598,55.802725
532,37.867241,55.737588
533,37.571067,55.761138
534,37.609613,55.740999
535,37.598393,55.747054
536,37.638171,55.745914
537,37.636778,55.757921
538,37.642312,55.732458
539,37.588323,55.746203
540,37.627032,55.745493
541,37.604753,55.647447
542,37.617285,55.75897
543,37.562748,55.755586
544,37.557807,55.764065
545,37.632772,55.770259
546,37.585691,55.709956
547,37.617114,55.757131
548,37.610898,55.752926
549,37.774427,55.759451
550,37.566764,55.752323
551,37.594288,55.763624
552,37.602373,55.744029
553,37.605328,55.711655
554,37.57342,55.724723
555,37.591934,55.802462
556,37.632772,55.770259
557,37.585691,55.709956
558,37.617114,55.757131
559,37.610898,55.752926
560,37.774427,55.759451
561,37.566764,55.752323
562,37.594288,55.763624
563,37.602373,55.744029
564,37.547315,55.754659
565,37.605328,55.711655
566,37.57342,55.724723
567,37.591934,55.802462
568,37.606595,55.763478
569,37.497468,55.823211
570,37.596183,55.762895
571,37.601672,55.780573
572,37.552903,55.749841
573,37.704736,55.623752
574,37.598807,55.741901
575,37.656703,55.741794
576,37.539644,55.749299
577,37.730904,55.644049
578,37.588027,55.735941
579,37.636662,55.763027
580,37.462317,55.808923
581,37.596183,55.762895
582,37.601672,55.780573
583,37.552903,55.749841
584,37.704736,55.623752
585,37.598807,55.741901
586,37.656703,55.741794
587,37.539644,55.749299
588,37.730904,55.644049
589,37.588027,55.735941
590,37.636662,55.763027
591,37.462317,55.808923
592,37.605508,55.739732
593,37.588602,55.779049
594,37.61644,55.758924
595,37.558858,55.857144
596,37.582511,55.75783
597,37.73394,55.699365
598,37.599696,55.757926
599,37.651205,55.766658
600,37.588916,55.752105
601,37.560413,55.755003
602,37.601744,55.756822
603,37.580373,55.761512
604,37.614294,55.761355
605,37.572082,55.781539
606,37.703326,55.794315
607,37.606703,55.762525
608,37.534316,55.715814
609,37.584901,55.751908
610,37.630382,55.741946
611,37.633787,55.752855
612,37.530202,55.889639
613,37.608895,55.770112
614,37.71716,55.780142
615,37.572082,55.781539
616,37.711392,55.791891
617,37.580894,55.781626
618,37.62493,55.770552
619,37.539967,55.793779
620,37.599911,55.782182
621,37.612982,55.757364
622,37.518228,55.715733
623,37.628316,55.732256
624,37.561913,55.757171
625,37.623375,55.77835
626,37.5804,55.746233
627,37.570474,55.72961
628,37.821903,55.766025
629,37.622199,55.762227
630,37.624777,55.759091
631,37.62493,55.770552
632,37.539967,55.793779
633,37.599364,55.781696
634,37.599911,55.782182
635,37.612982,55.757364
636,37.518228,55.715733
637,37.628316,55.732256
638,37.561913,55.757171
639,37.623375,55.77835
640,37.5804,55.746233
641,37.570474,55.72961
642,37.821903,55.766025
643,37.622199,55.762227
644,37.624777,55.759091
645,37.406289,55.803732
646,37.585134,55.804359
647,37.574831,55.761365
648,37.619899,55.823393
649,37.604529,55.730532
650,37.479879,55.778588
651,37.539644,55.749299
652,37.596965,55.760337
653,37.586158,55.75204
654,37.625594,55.699467
655,37.519755,55.802654
656,37.570474,55.72961
657,37.821903,55.766025
658,37.622199,55.762227
659,37.624777,55.759091
660,37.493874,55.680265
661,37.512236,55.701719
662,37.406289,55.803732
663,37.585134,55.804359
664,37.574831,55.761365
665,37.619899,55.823393
666,37.604529,55.730532
667,37.479879,55.778588
668,37.539644,55.749299
669,37.596965,55.760337
670,37.418021,55.734248
671,37.586158,55.75204
672,37.625594,55.699467
673,37.519755,55.802654
674,37.670501,55.731024
675,37.616162,55.762363
676,37.623295,55.761918
677,37.556137,55.764389
678,37.606703,55.762525
679,37.620698,55.768881
680,37.595519,55.750965
681,37.596965,55.760337
682,37.539644,55.749299
683,37.586158,55.75204
684,37.418021,55.734248
685,37.556137,55.764389
686,37.625594,55.699467
687,37.519755,55.802654
688,37.670501,55.731024
689,37.616162,55.762363
690,37.623295,55.761918
691,37.606703,55.762525
692,37.620698,55.768881
693,37.595519,55.750965
694,37.611203,55.757972
695,37.626564,55.730274
696,37.657538,55.763584
697,37.506091,55.805776
698,37.611679,55.731794
699,37.654601,55.710124
700,37.52598,55.802725
701,37.571067,55.761138
702,37.609613,55.740999
703,37.598393,55.747054
704,37.638171,55.745914
705,37.636778,55.757921
706,37.617635,55.755814
707,37.630939,55.730101
708,37.675136,55.746487
709,37.58597,55.804334
710,37.556406,55.752794
711,37.598169,55.772831
712,37.595348,55.750423
713,37.709326,55.870193
714,37.502857,55.718035
715,37.575783,55.727323
716,37.556379,55.750515
717,37.679996,55.729017
718,37.469171,55.650236
719,37.602948,55.7571
720,37.676592,55.787209
721,37.498591,55.768512
722,37.5592,55.750788
723,37.610844,55.76565
724,37.596687,55.760672
725,37.562344,55.732692
726,37.56839,55.764283
727,37.634137,55.76252
728,37.644432,55.779474
729,37.596094,55.752298
730,37.641045,55.870642
731,37.598169,55.772831
732,37.61291,55.762282
733,37.617384,55.764176
734,37.617114,55.757131
735,37.599911,55.782182
736,37.574624,55.780507
737,37.603487,55.745068
738,37.603181,55.775256
739,37.63235,55.768345
740,37.64109,55.733574
741,37.604241,55.766147
742,37.5592,55.750788
743,37.639455,55.729741
744,37.596687,55.760672
745,37.562344,55.732692
746,37.56839,55.764283
747,37.634137,55.76252
748,37.644432,55.779474
749,37.596094,55.752298
750,37.641045,55.870642
751,37.55248,55.670021
752,37.669288,55.73108
753,37.585916,55.737557
754,37.595501,55.641122
755,37.634056,55.767909
756,37.604241,55.766147
757,37.5592,55.750788
758,37.611572,55.765706
759,37.639455,55.729741
760,37.596687,55.760672
761,37.562344,55.732692
762,37.56839,55.764283
763,37.634137,55.76252
764,37.644432,55.779474
765,37.604628,55.763336
766,37.596094,55.752298
767,37.641045,55.870642
768,37.55248,55.670021
769,37.669288,55.73108
770,37.585916,55.737557
771,37.595501,55.641122
772,37.634056,55.767909
773,37.652472,55.759603
774,37.581343,55.770416
775,37.650738,55.665594
776,37.717321,55.748498
777,37.618507,55.711067
778,37.645708,55.759157
779,37.630544,55.766532
780,37.703326,55.794315
781,37.644432,55.779474
782,37.604628,55.763336
783,37.596094,55.752298
784,37.641045,55.870642
785,37.55248,55.670021
786,37.669288,55.73108
787,37.585916,55.737557
788,37.595501,55.641122
789,37.634056,55.767909
790,37.652472,55.759603
791,37.650738,55.665594
792,37.717321,55.748498
793,37.581343,55.770416
794,37.618507,55.711067
795,37.645708,55.759157
796,37.630544,55.766532
797,37.703326,55.794315
798,37.606703,55.762525
799,37.534316,55.715814
800,37.584901,55.751908
801,37.71716,55.780142
802,37.630382,55.741946
803,37.633787,55.752855
804,37.608895,55.770112
805,37.572082,55.781539
806,37.501618,55.704981
807,37.568138,55.81211
808,37.629143,55.764156
809,37.487353,55.731713
810,37.537083,55.749511
811,37.52598,55.802725
812,37.620779,55.741667
813,37.609901,55.75979
814,37.567806,55.730172
815,37.564545,55.728753
816,37.640641,55.736341
817,37.631353,55.767438
818,37.606595,55.763478
819,37.597199,55.739042
820,37.589401,55.758939
821,37.630059,55.772669
822,37.584146,55.735495
823,37.635772,55.777261
824,37.537083,55.749511
825,37.586212,55.760434
826,37.632305,55.756817
827,37.609703,55.740112
828,37.662605,55.734263
829,37.632619,55.769514
830,37.613494,55.767727
831,37.636662,55.819494
832,37.621947,55.764663
833,37.635916,55.730213
834,37.730625,55.705904
835,37.479762,55.834911
836,37.580238,55.819965
837,37.484703,55.799947
838,37.5592,55.750788
839,37.620636,55.761467
840,37.461427,55.778198
841,37.620088,55.765863
842,37.591369,55.708212
843,37.623483,55.768025
844,37.655095,55.764394
845,37.617114,55.757131
846,37.630059,55.772669
847,37.587128,55.774563
848,37.543902,55.74826
849,37.675828,55.785923
850,37.614006,55.756994
851,37.651933,55.74446
852,37.604205,55.766911
853,37.64127,55.753985
854,37.569441,55.784622
855,37.647423,55.741085
856,37.649283,55.760094
857,37.531819,55.738237
858,37.473671,55.770289
859,37.494108,55.693581
860,37.660314,55.88661
861,37.660413,55.775864
862,37.516,55.661836
863,37.591171,55.77916
864,37.658527,55.761685
865,37.541494,55.637815
866,37.627589,55.762353
867,37.532439,55.693591
868,37.411005,55.738591
869,37.47819,55.774087
870,37.599256,55.748376
871,37.582619,55.751675
872,37.637326,55.731688
873,37.600954,55.744571
874,37.616449,55.769074
875,37.481271,55.837156
876,37.625873,55.753625
877,37.659793,55.645949
878,37.528127,55.78321
879,37.602705,55.7652
880,37.639051,55.757992
881,37.763243,55.706315
882,37.624534,55.757957
883,37.617132,55.762698
884,37.633787,55.752855
885,37.565713,55.751406
886,37.609514,55.74
887,37.566728,55.787371
888,37.600711,55.746243
889,37.605885,55.771241
890,37.560413,55.755003
891,37.644675,55.760702
892,37.697388,55.802128
893,37.631047,55.765341
894,37.5592,55.750788
895,37.61291,55.762282
896,37.617384,55.764176
897,37.617114,55.757131
898,37.599911,55.782182
899,37.574624,55.780507
900,37.603487,55.745068
901,37.603181,55.775256
902,37.63235,55.768345
903,37.64109,55.733574
904,37.604241,55.766147
905,37.639455,55.729741
906,37.644594,55.733254
907,37.627669,55.756781
908,37.663692,55.74001
909,37.597019,55.766876
910,37.605032,55.7637
911,37.622333,55.766491
912,37.566764,55.752323
913,37.558625,55.767995
914,37.560413,55.755003
915,37.56812,55.762855
916,37.595968,55.75978
917,37.610539,55.754897
918,37.564383,55.764313
919,37.581298,55.747485
920,37.606137,55.757906
921,37.566764,55.752323
922,49.311652,58.990907
923,37.607709,55.76719
924,37.627669,55.756781
925,37.598959,55.764435
926,37.651439,55.725443
927,37.432978,55.706614
928,37.625972,55.758311
929,37.624534,55.757957
930,37.630544,55.766532
931,37.640857,55.732413
932,37.600199,55.764187
933,37.613781,55.756584
934,37.627032,55.745493
935,37.623483,55.758468
936,37.634137,55.76252
937,37.539078,55.747115
938,37.617384,55.764176
939,37.580867,55.759223
940,37.511383,55.73885
941,37.574714,55.783554
942,37.623483,55.768025
943,37.653963,55.754522
944,37.481567,55.781443
945,37.624427,55.731485
946,37.543902,55.74826
947,37.640596,55.766415
948,37.624624,55.741054
949,37.61247,55.790833
950,37.60054,55.755388
951,37.575702,55.689791
952,37.600675,55.741744
953,37.59842,55.764389
954,37.659658,55.738409
955,37.637389,55.754167
956,37.681146,55.787442
957,37.593075,55.780213
958,37.54356,55.66076
959,37.634793,55.730421
960,37.627175,55.762556
961,37.60814,55.764784
962,37.54294,55.748924
963,37.646274,55.745742
964,37.619171,55.761725
965,37.578864,55.760307
966,37.592932,55.740624
967,37.605346,55.738926
968,37.633347,55.779287
969,37.565856,55.763579
970,37.663584,55.734075
971,37.59171,55.772867
972,37.609299,55.765605
973,37.597073,55.763341
974,37.564886,55.756873
975,37.587344,55.75745
976,37.613835,55.727876
977,37.630544,55.766532
978,37.646489,55.759588
979,37.611033,55.765417
980,37.649903,55.735591
981,37.636778,55.757921
982,37.539078,55.747115
983,37.519171,55.757055
984,37.539078,55.747115
985,37.656676,55.70741
986,37.610323,55.756842
987,37.630023,55.766233
988,37.635,55.753038
989,37.640929,55.740558
990,37.62802,55.739716
991,37.635305,55.767787
992,37.573501,55.81871
993,37.627445,55.734648
994,37.628631,55.772887
995,37.512541,55.738277
996,37.632305,55.756817
997,37.63182,55.767124
998,37.920197,55.700816
999,37.628208,55.740993
1000,37.566764,55.752323
1001,37.559954,55.756614
1002,37.620869,55.7322
1003,37.586796,55.778193
1004,37.562308,55.796046
