,longitude,latitude
0,37.615336,55.7621
1,37.632511,55.760925
2,37.592411,55.752141
3,37.617114,55.757131
4,37.629691,55.779565
5,37.624867,55.732499
6,49.310556,58.992265
7,37.618084,55.775363
8,37.656631,55.712142
9,37.556388,55.754203
10,69.181084,41.280346
11,37.602058,55.765377
12,37.605247,55.758645
13,37.565713,55.751406
14,37.594117,55.762424
15,37.585898,55.762566
16,37.616575,55.762905
17,37.626241,55.784789
18,69.219442,41.290103
19,37.600729,55.763584
20,37.588054,55.774097
21,37.602705,55.7652
22,37.617114,55.757131
23,37.612398,55.757891
24,37.602085,55.755712
25,37.60531,55.768826
26,37.605616,55.753635
27,37.617572,55.761224
28,37.607089,55.756477
29,37.594692,55.740694
30,37.635961,55.761112
31,37.597019,55.766876
32,37.631712,55.769069
33,37.603145,55.770041
34,37.609254,55.755738
35,37.608823,55.763559
36,37.600522,55.768805
37,37.583957,55.750332
38,37.634281,55.755976
39,37.607772,55.765387
40,37.630948,55.767296
41,37.579142,55.783099
42,37.604232,55.758058
43,37.592411,55.752141
44,37.593354,55.768324
45,37.632862,55.757298
46,37.580661,55.753311
47,37.586015,55.751568
48,37.606703,55.762525
49,37.598528,55.781398
50,37.613781,55.756584
51,37.625513,55.759035
52,37.58826,55.773581
53,37.622738,55.769479
54,37.597684,55.75131
55,37.608562,55.76409
56,37.631936,55.761431
57,37.616351,55.764323
58,37.621354,55.747961
59,37.588934,55.746223
60,37.566728,55.787371
61,37.571067,55.761138
62,37.58915,55.77953
63,37.632233,55.765858
64,37.616629,55.76644
65,37.626097,55.748224
66,37.604403,55.755459
67,37.623609,55.784769
68,37.597306,55.751918
69,37.591611,55.769575
70,37.615794,55.764364
71,37.62166,55.758448
72,37.623304,55.761148
73,37.604574,55.767392
74,37.619683,55.763483
75,37.557008,55.764906
76,37.562937,55.743249
77,37.588395,55.758813
78,37.610476,55.751087
79,37.642914,55.758412
80,37.587676,55.766724
81,37.600522,55.768805
82,37.590623,55.766309
83,37.613988,55.759628
84,37.578487,55.783625
85,37.612973,55.737441
86,37.595123,55.742048
87,37.607709,55.76719
88,37.582439,55.750788
89,37.582134,55.753413
90,37.604322,55.769048
91,37.614734,55.762515
92,37.618039,55.739154
93,37.630544,55.766532
94,37.5804,55.746233
95,37.60805,55.76446
96,37.613988,55.759628
97,37.618587,55.763822
98,37.595671,55.737922
99,37.628038,55.746547
100,37.634137,55.76252
101,37.615542,55.764556
102,37.584883,55.756417
103,37.622082,55.765053
104,37.63305,55.774963
105,37.589356,55.765392
106,37.539644,55.749299
107,37.625702,55.757536
108,37.59604,55.739666
109,37.616369,55.761041
110,37.607053,55.765063
111,37.597073,55.763341
112,37.58499,55.778704
113,37.614788,55.768355
114,37.484891,55.833157
115,37.621471,55.759912
116,37.676187,55.719384
117,37.608562,55.76409
118,37.583526,55.748655
119,37.634335,55.757769
120,37.652921,55.761933
121,37.608086,55.767555
122,37.618489,55.774492
123,37.61901,55.770401
124,37.626439,55.763148
125,37.62634,55.721483
126,37.588916,55.77317
127,37.649966,55.721447
128,37.621902,55.743745
129,37.634012,55.758514
130,37.499354,55.773763
131,37.639554,55.774031
132,37.604062,55.770801
133,37.609164,55.764075
134,37.558589,55.783286
135,37.621983,55.744936
136,37.616449,55.769074
137,37.586643,55.775839
138,37.586068,55.746213
139,37.592851,55.753012
140,37.663225,55.784759
141,37.620851,55.762054
142,37.624903,55.769352
143,37.591369,55.768932
144,37.623304,55.761148
145,37.593021,55.781701
146,37.922811,55.70422
147,37.628155,55.745422
148,37.633958,55.802629
149,37.644594,55.733254
150,37.62528,55.697711
151,37.576762,55.770466
152,37.584155,55.775388
153,37.581514,55.744257
154,37.616917,55.76169
155,37.590623,55.766309
156,37.604592,55.768208
157,37.609254,55.755738
158,37.722541,55.784916
159,37.621669,55.700481
160,37.613063,55.762166
161,37.62334,55.760327
162,37.629987,55.758407
163,37.630373,55.769519
164,37.627202,55.747956
165,37.645744,55.750292
166,37.555777,55.778061
167,37.643561,55.756999
168,37.609739,55.763523
169,37.609613,55.740999
170,37.714411,55.753261
171,37.656613,55.708496
172,37.568255,55.762682
173,37.542617,55.911537
174,37.54285,55.794619
175,37.680023,55.740705
176,37.64383,55.72924
177,37.534397,55.750028
178,37.632601,55.791278
179,37.681443,55.777094
180,37.619486,55.780674
181,37.594647,55.755753
182,37.564203,55.751579
183,37.630742,55.746715
184,37.585646,55.753904
185,37.692052,55.760287
186,37.579735,55.746578
187,37.509164,55.746218
188,37.622648,55.759973
189,37.609739,55.763523
190,37.552184,55.793024
191,37.610287,55.747814
192,37.616872,55.770269
193,37.567779,55.741804
194,37.619459,55.773231
195,37.648169,55.81696
196,37.632556,55.792559
197,37.576492,55.772502
198,37.571525,55.768897
199,37.591746,55.779003
200,37.637982,55.753899
201,37.586688,55.747784
202,37.573133,55.767529
203,37.634236,55.768269
204,37.608975,55.755338
205,37.666189,55.77873
206,37.63182,55.767124
207,37.645124,55.749476
208,37.722711,55.704255
209,37.636536,55.73403
210,37.650253,55.754547
211,37.615201,55.764703
212,37.608562,55.76409
213,37.58791,55.748929
214,37.607134,55.751335
215,37.586949,55.75436
216,37.569953,55.756462
217,37.58499,55.778704
218,37.535511,55.752632
219,37.672109,55.784587
220,37.540488,55.748143
221,37.625801,55.77038
222,37.708311,55.792792
223,37.625801,55.77038
224,37.708311,55.792792
225,37.595564,55.775894
226,37.638952,55.762708
227,37.638665,55.756021
228,37.512622,55.815306
229,37.609739,55.763523
230,37.658221,55.648042
231,37.587146,55.750626
232,37.598196,55.753564
233,37.595824,55.753453
234,37.626178,55.744997
235,37.587146,55.74713
236,37.555804,55.758109
237,37.567105,55.722593
238,37.583068,55.808058
239,37.626088,55.765255
240,37.620456,55.81344
241,37.65161,55.774006
242,37.730203,55.817643
243,37.568623,55.781362
244,37.683194,55.770831
245,37.658536,55.747059
246,37.601214,55.768815
247,37.581631,55.702571
248,37.581631,55.702571
249,37.747047,55.790489
250,37.599804,55.750621
251,37.562937,55.743249
252,37.480211,55.779008
253,37.588683,55.738971
254,37.570007,55.674478
255,37.502992,55.777773
256,37.600522,55.768805
257,37.585844,55.744059
258,37.690264,55.761528
259,37.703191,55.765194
260,37.605822,55.760064
261,37.665309,55.778715
262,37.680859,55.774097
263,37.64887,55.749952
264,37.609739,55.763523
265,37.671238,55.744607
266,37.725891,55.749532
267,37.635305,55.736012
268,37.692815,55.791805
269,37.642007,55.758691
270,37.659344,55.736899
271,37.603532,55.771206
272,37.639626,55.765351
273,37.639626,55.765351
274,37.619764,55.760798
275,37.66609,55.778522
276,37.673277,55.747698
277,37.580939,55.843525
278,37.655347,55.776127
279,37.639455,55.729741
280,37.604726,55.738338
281,37.608383,55.764865
282,37.567788,55.723612
283,37.617141,55.795433
284,37.657332,55.764622
285,37.565111,55.855083
286,37.539078,55.747115
287,37.531693,55.775854
288,37.638692,55.768345
289,37.63694,55.742083
290,37.518084,55.798136
291,37.63456,55.754897
292,37.540488,55.748143
293,37.562748,55.755586
294,37.610709,55.772229
295,37.601618,55.763873
296,37.627903,55.7415
297,37.535826,55.741475
298,37.601618,55.763873
299,37.627903,55.7415
300,37.535826,55.741475
301,37.646381,55.760661
302,37.647037,55.822271
303,37.619926,55.733361
304,37.607511,55.763711
305,37.923799,55.703976
306,37.585089,55.75319
307,37.486364,55.753276
308,37.631586,55.766187
309,37.635718,55.760601
310,37.661239,55.76248
311,37.644037,55.751295
312,37.562937,55.743249
313,37.637407,55.739564
314,37.667914,55.774705
315,37.704116,55.8083
316,37.622396,55.771059
317,37.599561,55.749582
318,37.634658,55.7238
319,37.923799,55.703976
320,37.639743,55.738384
321,37.649795,55.743963
322,37.57969,55.841898
323,37.635718,55.760601
324,37.661239,55.76248
325,37.644037,55.751295
326,37.562937,55.743249
327,37.637407,55.739564
328,37.667914,55.774705
329,37.704116,55.8083
330,37.622396,55.771059
331,37.599561,55.749582
332,37.634658,55.7238
333,37.923799,55.703976
334,37.639743,55.738384
335,37.649795,55.743963
336,37.57969,55.841898
337,37.575801,55.770952
338,37.599804,55.750621
339,37.628146,55.708831
340,37.547387,55.79055
341,37.556783,55.77918
342,37.556397,55.754684
343,37.620734,55.76953
344,37.642977,55.730456
345,37.600666,55.772188
346,37.578684,55.751442
347,37.713117,55.781681
348,37.637407,55.739564
349,37.667914,55.774705
350,37.704116,55.8083
351,37.622396,55.771059
352,37.599561,55.749582
353,37.634658,55.7238
354,37.923799,55.703976
355,37.639743,55.738384
356,37.649795,55.743963
357,37.57969,55.841898
358,37.575801,55.770952
359,37.599804,55.750621
360,37.628146,55.708831
361,37.547387,55.79055
362,37.556783,55.77918
363,37.556397,55.754684
364,37.620734,55.76953
365,37.642977,55.730456
366,37.600666,55.772188
367,37.578684,55.751442
368,37.713117,55.781681
369,37.569441,55.784622
370,37.523411,55.752931
371,37.586158,55.75204
372,37.593641,55.757116
373,37.713117,55.781681
374,37.569441,55.784622
375,37.523411,55.752931
376,37.586158,55.75204
377,37.593641,55.757116
378,37.593021,55.774259
379,37.623456,55.73516
380,37.657332,55.764622
381,37.652768,55.703885
382,37.707934,55.796547
383,37.595887,55.825153
384,37.654188,55.753656
385,37.628595,55.760216
386,37.652553,55.761138
387,37.558625,55.767995
388,37.646031,55.763847
389,37.637668,55.77792
390,37.61114,55.734273
391,37.629673,55.743102
392,37.662461,55.746765
393,37.45416,55.703084
394,37.602678,55.770097
395,37.655032,55.748042
396,37.652768,55.703885
397,37.616701,55.7333
398,37.652553,55.761138
399,37.558625,55.767995
400,37.646031,55.763847
401,37.637668,55.77792
402,37.61114,55.734273
403,37.629673,55.743102
404,37.662461,55.746765
405,37.45416,55.703084
406,37.602678,55.770097
407,37.655032,55.748042
408,37.652768,55.703885
409,37.616701,55.7333
410,37.600666,55.772188
411,37.64922,55.743694
412,37.651313,55.763412
413,37.601618,55.763873
414,37.625909,55.730264
415,37.571929,55.746294
416,37.70443,55.746284
417,37.614024,55.768415
418,37.586688,55.747784
419,37.597998,55.771266
420,37.590551,55.789527
421,37.667914,55.774705
422,37.557736,55.79804
423,37.70443,55.746284
424,37.614024,55.768415
425,37.586688,55.747784
426,37.597998,55.771266
427,37.590551,55.789527
428,37.667914,55.774705
429,37.557736,55.79804
430,37.595249,55.649794
431,37.576133,55.751999
432,37.634119,55.757698
433,37.583796,55.749182
434,37.631631,55.764546
435,37.610943,55.72709
436,37.646318,55.819879
437,37.644091,55.755925
438,37.553693,55.756883
439,37.67864,55.767423
440,37.596552,55.771788
441,37.649966,55.721447
442,37.495554,55.799198
443,37.685692,55.769808
444,37.572136,55.844405
445,37.495294,55.744987
446,37.692231,55.794001
447,37.623304,55.761148
448,37.495294,55.744987
449,37.692231,55.794001
450,37.623304,55.761148
451,37.634649,55.737502
452,37.489634,55.816733
453,37.639455,55.729741
454,37.638647,55.725027
455,37.556101,55.815514
456,37.716342,55.738231
457,37.679583,55.706959
458,37.689761,55.758149
459,37.679071,55.762718
460,37.584281,55.804309
461,37.546129,55.739275
462,37.559541,55.784233
463,37.579439,55.770021
464,37.565865,55.795686
465,37.571022,55.73886
466,37.655454,55.740563
467,37.645007,55.764546
468,37.543452,55.741632
469,37.552319,55.763624
470,37.605535,55.708075
471,37.581514,55.744257
472,37.578711,55.77314
473,37.578711,55.77314
474,37.536823,55.789391
475,37.633652,55.758017
476,37.673573,55.647071
477,37.656101,55.768572
478,37.598079,55.751467
479,37.639878,55.760226
480,37.636491,55.758433
481,37.608562,55.76409
482,37.624732,55.735327
483,37.545267,55.744526
484,37.54347,55.792397
485,37.604798,55.768765
486,37.650226,55.828132
487,37.613746,55.763052
488,37.594036,55.753154
489,37.495896,55.798616
490,37.6024,55.778137
491,37.67705,55.772634
492,37.588763,55.772806
493,37.619549,55.772492
494,37.729988,55.878804
495,37.591692,55.746608
496,37.679844,55.773317
497,37.652634,55.759436
498,37.652634,55.759436
499,37.628613,55.738591
500,37.59639,55.71734
501,37.520833,55.735008
502,37.611886,55.787457
503,37.640866,55.77434
504,37.562542,55.717366
505,37.46909,55.877814
506,37.582987,55.670153
507,37.648906,55.737025
508,37.568632,55.762267
509,37.590623,55.76484
510,37.685629,55.712173
511,37.658877,55.734222
512,37.582619,55.751675
513,37.637398,55.773697
514,37.683104,55.776087
515,37.650145,55.737684
516,37.6024,55.778137
517,37.516197,55.777798
518,37.476366,55.726943
519,37.603532,55.774102
520,37.76548,55.748366
521,37.532439,55.693591
522,37.624983,55.815064
523,37.624983,55.815064
524,37.523833,55.753144
525,37.518506,55.706528
526,37.547935,55.763827
527,37.682736,55.776436
528,37.648268,55.778006
529,37.572935,55.783311
530,37.62784,55.737785
531,37.613772,55.760489
532,37.654322,55.739463
533,37.524776,55.804167
534,37.60779,55.765037
535,37.626861,55.763138
536,37.570483,55.736944
537,37.650792,55.757693
538,37.611087,55.778431
539,37.583176,55.774056
540,37.646031,55.763847
541,37.717321,55.748498
542,37.621148,55.69936
543,37.662542,55.78732
544,37.590749,55.730477
545,37.594971,55.772745
546,37.685907,55.774694
547,37.771939,55.808634
548,37.619297,55.730608
549,37.737695,55.69899
550,37.659218,55.745301
551,37.534092,55.74938
552,37.621678,55.72887
553,37.500881,55.823156
554,37.563781,55.765189
555,37.608562,55.76409
556,37.559927,55.870375
557,37.736015,55.70495
558,37.605984,55.759304
559,37.602741,55.765802
560,37.581487,55.754015
561,37.644549,55.737785
562,37.612919,55.877733
563,37.57687,55.771712
564,37.588718,55.771646
565,37.587272,55.747981
566,37.637587,55.762414
567,37.627562,55.747596
568,37.667671,55.774821
569,37.55187,55.760125
570,37.59303,55.753291
571,37.632314,55.739478
572,37.584146,55.753195
573,37.589275,55.773024
574,37.590075,55.751933
575,37.609739,55.763523
576,37.557736,55.79804
577,37.666513,55.771661
578,37.510242,55.716833
579,37.64542,55.682935
580,37.65567,55.773611
581,37.673861,55.719414
582,37.70744,55.732697
583,37.67705,55.772634
584,37.658706,55.738348
585,37.63738,55.724667
586,37.646112,55.816748
587,37.741127,55.762328
588,37.600522,55.768805
589,37.748619,55.791744
590,37.575891,55.788191
591,37.571857,55.68704
592,37.623995,55.701115
593,37.650684,55.757891
594,37.657143,55.737061
595,37.663225,55.734755
596,37.616162,55.762363
597,37.657224,55.689811
598,37.649633,55.760099
599,37.679008,55.769297
600,37.643129,55.739914
601,37.634326,55.801313
602,37.658796,55.677763
603,37.625334,55.733239
604,37.661213,55.762703
605,37.635395,55.714034
606,37.654107,55.740188
607,37.576133,55.751999
608,37.637713,55.75517
609,37.627265,55.776289
610,37.658841,55.746005
611,37.671543,55.73588
612,37.625109,55.753438
613,37.537371,55.675544
614,37.577355,55.751457
615,37.627984,55.73475
616,37.582709,55.778644
617,37.542455,55.864591
618,37.698609,55.746324
619,37.608383,55.764865
620,37.597836,55.743553
621,37.646768,55.769859
622,37.631927,55.773317
623,37.639159,55.766911
624,37.632134,55.767519
625,37.686168,55.770178
626,37.580786,55.783296
627,37.748619,55.791744
628,37.545653,55.743598
629,37.579376,55.763356
630,37.592815,55.774153
631,37.543722,55.738049
632,37.620761,55.709028
633,37.589464,55.745529
634,37.535646,55.870839
635,37.637659,55.758828
636,37.692285,55.779221
637,37.659874,55.772173
638,37.58897,55.732241
639,37.643543,55.777272
640,37.534406,55.676478
641,37.609631,55.762115
642,37.687039,55.784875
643,37.746912,55.697442
644,37.619477,55.768233
645,37.56141,55.80996
646,37.65567,55.773611
647,37.520671,55.79848
648,37.619899,55.823393
649,37.677122,55.71378
650,37.615057,55.75742
651,37.536913,55.792017
652,37.610961,55.729665
653,37.679646,55.762931
654,37.646813,55.769945
655,37.68314,55.772375
656,37.580508,55.742955
657,37.603002,55.706315
658,37.632772,55.770259
659,37.571013,55.826342
660,37.657188,55.769018
661,37.647468,55.770006
662,37.611733,55.772993
663,37.69277,55.714293
664,37.747927,55.789315
665,37.593803,55.791177
666,37.540488,55.748143
667,37.637434,55.771651
668,37.583751,55.802776
669,37.481927,55.809636
670,37.620645,55.772861
671,37.598663,55.750763
672,37.627625,55.741632
673,37.599911,55.75825
674,37.615821,55.769104
675,37.62007,55.772993
676,37.549255,55.683833
677,37.784237,55.798166
678,37.580571,55.738875
679,37.488961,55.649921
680,37.608949,55.772497
681,37.51679,55.829679
682,37.689509,55.773231
683,37.640066,55.703773
684,37.63137,55.778193
685,37.567204,55.748858
686,37.469755,55.734587
687,37.671112,55.779838
688,37.733895,55.790372
689,37.652032,55.744895
690,37.528765,55.776239
691,37.650145,55.737684
692,37.620402,55.808376
693,37.59109,55.773945
694,37.658634,55.708511
695,37.593848,55.833865
696,37.421003,55.853127
697,37.582565,55.845739
698,37.566494,55.743041
699,37.616333,55.768861
700,37.488745,55.745068
701,37.554627,55.756523
702,37.560134,55.763857
703,37.648492,55.822478
704,37.624247,55.761907
705,37.628316,55.709576
706,37.601376,55.746213
707,37.585269,55.864631
708,37.664833,55.777889
709,37.677427,55.745676
710,37.558589,55.783286
711,37.620779,55.720869
712,37.648259,55.770669
713,37.639078,55.765043
714,37.637713,55.75517
715,37.585772,55.775008
716,37.650163,55.743492
717,37.597208,55.772102
718,37.607359,55.763822
719,37.665758,55.645436
720,37.660862,55.687279
721,37.59427,55.749552
722,37.500926,55.844753
723,37.579744,55.782927
724,37.697729,55.758139
725,37.614626,55.69007
726,37.5918,55.762105
727,37.522629,55.834285
728,37.747855,55.710915
729,37.604825,55.624083
730,37.681146,55.787442
731,37.508508,55.740537
732,37.650208,55.724636
733,37.573546,55.783959
734,37.645303,55.796086
735,37.471048,55.740061
736,37.713144,55.735682
737,37.677212,55.767706
738,37.597118,55.775262
739,37.63014,55.720849
740,37.705221,55.760672
741,37.641045,55.755272
742,37.59869,55.676534
743,37.674741,55.743147
744,37.585089,55.748741
745,37.612748,55.716473
746,37.501618,55.704981
747,37.647477,55.817542
748,37.569953,55.756462
749,37.56892,55.754593
750,37.654655,55.74076
751,37.668731,55.67392
752,37.581945,55.807511
753,37.611347,55.760241
754,37.641917,55.763776
755,37.59109,55.773945
756,37.632799,55.765422
757,37.593057,55.653055
758,37.589096,55.753129
759,37.679071,55.762718
760,37.59339,55.76721
761,37.634793,55.75626
762,37.574471,55.705285
763,37.647531,55.765873
764,37.536517,55.664096
765,37.664464,55.730284
766,37.594513,55.767276
767,37.561473,55.755089
768,37.531029,55.738688
769,37.639581,55.734643
770,37.595267,55.7513
771,37.659605,55.674484
772,37.657179,55.641
773,37.485511,55.799558
774,37.565596,55.823489
775,37.57687,55.771712
776,37.629277,55.668371
777,37.635826,55.73624
778,37.650136,55.813486
779,37.651789,55.724819
780,37.639051,55.757992
781,37.600792,55.742767
782,37.616683,55.770684
783,37.63844,55.771591
784,37.572324,55.761183
785,37.575028,55.757531
786,37.800685,55.797422
787,37.625558,55.719551
788,37.602121,55.771327
789,37.557807,55.757369
790,37.58809,55.69248
791,37.483454,55.858185
792,37.531577,55.7267
793,37.516153,55.806793
794,37.57227,55.7844
795,37.675397,55.776953
796,37.638584,55.75939
797,37.603047,55.705569
798,37.557709,55.745823
799,37.637901,55.836934
800,37.594126,55.809024
801,37.658967,55.740238
802,37.634604,55.776578
803,37.522216,55.756741
804,37.483095,55.651186
805,37.688557,55.723891
806,37.630113,55.68161
807,37.655293,55.83842
808,37.494854,55.741262
809,37.662964,55.751568
810,37.503864,55.676331
811,37.573717,55.766759
812,37.622908,55.797468
813,37.623097,55.731019
814,37.584209,55.685533
815,37.605984,55.759304
816,37.628541,55.768628
817,37.686311,55.715804
818,37.64418,55.762637
819,37.599956,55.687918
820,37.57802,55.746051
821,37.720088,55.729919
822,37.503657,55.693206
823,37.62775,55.660353
824,37.670268,55.737345
825,37.683832,55.773353
826,37.705535,55.780294
827,37.62634,55.758458
828,37.658913,55.75864
829,37.722684,55.732256
830,37.525028,55.735809
831,37.618947,55.730319
832,37.648528,55.763711
833,37.659353,55.754284
834,37.5637,55.725326
835,37.563476,55.721894
836,37.65611,55.764678
837,37.593021,55.781701
838,37.539078,55.747115
839,37.67855,55.702926
840,37.68226,55.708166
841,37.510502,55.617225
842,37.679385,55.700826
843,37.618228,55.693297
844,37.588108,55.875965
845,37.635179,55.790737
846,37.650433,55.782208
847,37.65629,55.744444
848,37.634335,55.757769
849,37.689527,55.798804
850,37.636356,55.758732
851,37.555696,55.680123
852,37.569099,55.569143
853,37.588952,55.704981
854,37.504708,55.711108
855,37.497656,55.657408
856,37.750532,55.78159
857,37.624741,55.738475
858,37.623295,55.761918
859,37.582709,55.778644
860,37.686707,55.689451
861,37.409891,55.827687
862,37.650298,55.741191
863,37.56273,55.782856
864,37.529546,55.808488
865,37.806344,55.800418
866,37.749625,55.789821
867,37.587048,55.776325
868,37.583715,55.677956
869,37.576825,55.846972
870,37.593686,55.740056
871,37.60849,55.619137
872,37.569782,55.691019
873,-11.715684,8.644123
874,37.652634,55.767347
875,37.696471,55.756391
876,37.641935,55.75211
877,37.621148,55.69936
878,37.604475,55.767625
879,37.565955,55.677346
880,37.692231,55.794001
881,37.660691,55.72926
882,37.644468,55.820501
883,37.51087,55.67825
884,37.60054,55.755388
885,37.597549,55.768653
886,37.615875,55.715642
887,37.463215,55.720337
888,37.651762,55.77276
889,37.570186,55.761381
890,37.546408,55.690354
891,37.437245,55.822306
892,37.538548,55.758119
893,37.560907,55.803975
894,37.602948,55.7571
895,37.488655,55.83982
896,37.450288,55.823272
897,37.655023,55.747627
898,37.656963,55.760945
899,37.670914,55.714191
900,37.647082,55.820116
901,37.584676,55.75051
902,37.689042,55.775793
903,37.569962,55.843919
904,37.482735,55.660272
905,37.494207,55.727435
906,37.670007,55.707841
907,37.719603,55.739483
908,37.56273,55.782856
909,37.50619,55.811629
910,37.63367,55.755723
911,37.637461,55.815145
912,37.698358,55.788819
913,37.606505,55.691851
914,37.635323,55.78812
915,37.531316,55.799902
916,37.638782,55.7456
917,37.594036,55.753154
918,37.561068,55.781464
919,37.64418,55.762637
920,37.573483,55.839744
921,37.760719,55.632626
922,37.547594,55.665594
923,37.63305,55.774963
924,37.775667,55.800327
925,37.464715,55.789193
926,37.597836,55.769798
927,37.683149,55.789547
928,37.580571,55.738875
929,37.527615,55.651582
930,37.58137,55.805184
931,37.568641,55.757404
932,37.645348,55.662471
933,37.629807,55.760201
934,37.775442,55.749932
935,37.598735,55.745615
936,37.701709,55.863823
937,37.591836,55.772107
938,37.654502,55.760145
939,37.684712,55.706218
940,37.571525,55.768897
941,37.672244,55.772406
942,37.646381,55.763077
943,37.787084,55.720859
944,37.771822,55.759532
945,37.641054,55.752384
946,37.50257,55.80698
947,37.617635,55.755814
948,37.646489,55.759588
949,37.646965,55.830291
950,37.631344,55.728074
951,37.722388,55.780846
952,37.638126,55.780588
953,37.632538,55.850029
954,37.61061,55.682585
955,37.654466,55.744424
956,37.718193,55.907001
957,37.751529,55.701364
958,37.58597,55.852147
959,37.444629,55.719156
960,37.632341,55.747971
961,37.645555,55.764521
962,37.600837,55.709175
963,37.535592,55.811639
964,37.685548,55.705341
965,37.592402,55.770699
966,37.645878,55.779444
967,37.660566,55.768669
968,37.531541,55.785007
969,37.663189,55.728667
970,37.684811,55.745635
971,37.629816,55.731075
972,37.441026,55.634151
973,37.434936,55.741272
974,37.48693,55.770401
975,37.589096,55.753129
976,37.58579,55.705108
977,37.652652,55.762617
978,37.62978,55.729807
979,37.633077,55.724662
980,37.577499,55.575643
981,37.589329,55.74523
982,37.516323,55.777884
983,37.497611,55.737355
984,37.616782,55.663466
985,37.554627,55.756523
986,37.635826,55.73624
987,37.672756,55.731992
988,37.481073,55.653162
989,37.571453,55.92086
990,37.535511,55.752632
991,37.462604,55.817694
992,37.768453,55.753179
993,37.709874,55.783934
994,37.586607,55.849221
995,37.571525,55.768897
996,37.664375,55.921042
997,37.582709,55.778644
998,37.493659,55.814502
999,37.694055,55.793085
1000,37.705464,55.743988
1001,37.730652,55.788014
1002,37.657035,55.758569
1003,37.727445,55.719384
1004,37.547387,55.757303
1005,37.573851,55.776573
1006,37.588718,55.736154
1007,37.530463,55.724611
1008,37.579044,55.744982
1009,37.531774,55.743831
1010,37.678137,55.75249
1011,37.591027,55.772578
1012,37.663324,55.765681
1013,37.601439,55.74333
