,longitude,latitude
0,37.590371,55.817724
1,37.468488,55.660318
2,37.68624,55.775368
3,37.632673,55.761695
4,37.599247,55.772669
5,37.346739,55.818877
6,37.675613,55.74824
7,37.636778,55.818675
8,37.637677,55.769246
9,37.774912,55.699279
10,37.670097,55.751518
11,37.588781,55.773322
12,37.59524,55.582986
13,37.574067,55.730426
14,37.20291,56.009114
15,37.632646,55.785918
16,37.539078,55.747115
17,37.562344,55.732692
18,37.487353,55.731713
19,37.617114,55.757131
20,37.625846,55.760038
21,37.620294,55.75941
22,37.450162,55.881046
23,37.637749,55.705452
24,37.617141,55.795433
25,37.531316,55.799902
26,37.278997,55.72819
27,37.586104,55.724251
28,37.713755,55.798141
29,37.556388,55.754203
30,37.953875,55.836974
31,37.537083,55.749511
32,37.535781,55.539171
33,37.346739,55.818877
34,37.601726,55.741683
35,38.163416,55.807107
36,37.7517,55.760003
37,37.490622,55.939131
38,37.51777,55.524426
39,37.541503,55.656031
40,37.489526,55.604483
41,37.212324,55.632992
42,37.630149,55.78241
43,37.883572,55.714648
44,37.622648,55.759973
45,37.508122,55.743649
46,37.695896,55.546776
47,55.381793,25.261886
48,37.716827,55.737725
49,37.629232,55.719166
50,37.401024,55.899265
51,37.847047,56.011182
52,37.622244,55.896802
53,37.49162,55.669716
54,37.637362,55.638475
55,37.710063,55.800423
56,37.617833,55.542375
57,49.115882,55.791597
58,37.662749,55.679666
59,37.848781,55.639486
60,37.523321,56.005581
61,37.678649,55.636255
62,37.707098,55.747363
63,37.566072,55.744632
64,38.051477,55.955272
65,37.181413,56.034868
66,37.476169,55.727927
67,37.359082,55.774801
68,37.49259,55.603232
69,37.731299,55.710864
70,37.708482,55.919962
71,37.63738,55.73296
72,37.450162,55.881046
73,37.386202,55.821032
74,37.523707,55.777099
75,37.642833,55.747064
76,37.539239,55.890482
77,37.59524,55.582986
78,37.603981,55.623112
79,37.803595,55.914393
80,37.601879,55.690278
81,37.258686,55.998781
82,37.587847,55.771935
83,37.624121,55.752566
84,37.536284,55.60667
85,37.748125,55.891835
86,37.249721,55.788793
87,76.855167,43.23089
88,37.480993,55.663019
89,37.303827,55.690917
90,37.96337,55.795945
91,37.5713,55.682818
92,37.584757,55.727942
93,37.331549,55.876274
94,37.200044,56.008797
95,37.609577,55.754568
96,37.842124,55.765549
97,30.34545,53.925264
98,37.424111,55.629831
99,36.974154,55.513953
100,168.605622,63.408686
101,37.647549,55.851945
102,37.877527,55.685132
103,37.605086,55.864955
104,37.762336,55.916653
105,37.653334,55.856351
106,37.732718,55.612045
107,37.504834,55.730973
108,37.586104,55.724251
109,37.442949,55.846067
110,37.63164,55.773444
111,38.44502,55.852576
112,37.584326,55.913061
113,37.395185,55.858938
114,37.388691,55.705904
115,37.662722,55.710002
116,37.772783,55.783681
117,37.549866,55.744977
118,37.625846,55.760038
119,37.552741,55.833016
120,37.601582,55.753909
121,37.991811,55.921324
122,37.597989,55.754775
123,37.632125,55.765909
124,37.267409,55.739473
125,37.512964,55.703545
126,37.943158,55.801501
127,37.704547,55.788631
128,37.487353,55.731713
129,37.686168,55.770178
130,37.654817,55.706289
131,37.580104,55.574874
132,37.512964,55.703545
133,37.744936,55.649063
134,37.586104,55.724251
135,37.494368,55.93127
136,37.664896,55.69587
137,37.58782,55.549689
138,37.044321,55.601437
139,37.468946,55.677565
140,37.584901,55.751908
141,37.670636,55.804552
142,37.171244,55.980674
143,37.600388,55.637393
144,37.589455,55.735718
145,37.468317,56.008545
146,38.430269,55.81299
147,37.583526,55.748655
148,37.456828,55.707294
149,37.696543,55.653954
150,37.012,55.640416
151,37.926476,55.79431
152,37.620555,55.741333
153,37.690165,55.746836
154,36.993522,55.565066
155,37.626951,55.768907
156,37.24752,55.735971
157,37.851934,55.662806
158,37.46714,55.869698
159,37.540721,55.90968
160,38.070817,55.62913
161,37.8964,55.692115
162,37.591045,55.721757
163,37.620258,55.73998
164,36.940692,55.466305
165,38.447382,55.784633
166,37.845089,55.658256
167,38.12362,55.586232
168,37.50204,55.944173
169,37.973727,55.610977
170,37.972973,55.923498
171,37.810854,56.814385
172,37.396551,55.888922
173,37.81955,55.917369
174,37.614545,55.738216
175,37.60143,55.74558
176,37.665542,55.875804
177,37.484128,55.751097
178,37.845089,55.658256
179,37.721004,55.609039
180,37.734237,55.750758
181,37.413188,55.739711
182,37.602139,55.863166
183,38.378203,56.010352
184,37.643444,55.706076
185,37.572953,55.899441
186,37.745205,55.559557
187,37.435232,55.772153
188,38.442998,55.777955
189,37.530571,55.888917
190,37.489526,55.604483
191,37.030604,55.469591
192,37.541503,55.656031
193,37.886249,56.01873
194,37.468946,55.677565
195,37.427749,55.885554
196,36.699719,55.576314
197,38.436018,55.754897
198,37.6751,55.710687
199,38.011466,55.74599
200,37.495914,55.823095
201,37.523707,55.777099
202,37.495545,55.82402
203,37.657116,55.85241
204,37.593929,55.62452
205,37.630508,55.755692
206,37.523707,55.777099
207,37.537083,55.749511
208,37.670672,55.630924
209,20.497534,54.7223
210,37.489509,55.951492
211,37.587146,55.911149
212,37.27624,55.672468
213,37.540721,55.90968
214,37.510502,55.617225
215,37.500207,55.697463
216,37.657889,55.699142
217,37.50734,55.822589
218,37.545581,55.863833
219,37.608796,55.612136
220,37.6751,55.710687
221,37.322799,55.942161
222,37.491431,55.841458
223,37.530337,55.787918
224,37.534002,55.789497
225,37.644773,55.815893
226,37.388915,55.824425
227,37.722837,55.782704
228,37.647217,55.710169
229,37.588674,55.888296
230,38.076998,55.608211
231,37.665542,55.875804
232,37.49259,55.603232
233,37.242732,55.776958
234,37.646597,55.733249
235,37.665542,55.875804
236,37.665542,55.875804
237,37.588934,55.889472
238,37.501519,55.947827
239,37.665542,55.875804
240,37.665542,55.875804
241,37.665542,55.875804
242,37.665542,55.875804
243,38.134176,56.002017
244,37.664923,56.015394
245,37.44409,55.850408
246,37.319269,55.704027
247,36.943683,55.772046
248,37.193783,55.592098
249,38.147228,55.903136
250,37.259639,55.724844
251,37.267409,55.739473
252,37.831578,55.931996
253,37.938199,55.796339
254,37.362217,55.603176
255,37.258686,55.998781
256,38.874756,55.531127
257,38.874756,55.531127
258,37.661527,55.887473
259,38.874756,55.531127
260,37.584245,56.006321
261,37.847047,56.011182
262,37.330192,55.831099
263,36.844374,55.926645
