,longitude,latitude
0,37.264966,55.622436
1,37.580661,55.753311
2,37.26449,55.610194
3,37.647217,55.829294
4,37.37032,55.669508
5,37.624112,55.836762
6,37.605768,55.734643
7,37.458678,55.894555
8,37.458427,55.650653
9,37.313232,55.631864
10,37.506532,55.731222
11,37.599085,55.725909
12,37.588027,55.735941
13,37.504322,55.748458
14,37.550181,55.755601
15,37.464401,55.756249
16,37.412029,55.788657
17,37.544458,55.711473
18,37.40999,55.769357
19,37.51229,55.799644
20,37.610979,55.776117
21,37.549794,55.833
22,37.439751,55.741956
23,37.592141,55.763827
24,37.609065,55.770264
25,37.510601,55.846765
26,37.568848,55.691846
27,37.37633,55.597002
28,37.64489,55.882924
29,37.586149,55.648783
30,37.463907,55.875238
31,37.502399,55.683463
32,37.624112,55.836762
33,37.37032,55.669508
34,37.540739,55.788161
35,37.533274,55.666792
36,37.399201,55.69623
37,37.394296,55.653853
38,37.487784,55.815873
39,37.530822,55.702952
40,37.579619,55.728236
41,37.529591,55.879187
42,37.468389,55.806378
43,37.489571,55.634939
44,37.375944,55.886231
45,37.609505,55.766354
46,37.562775,55.877662
47,37.470473,55.818736
48,37.454322,55.738242
49,37.560368,55.761102
50,37.573824,55.757009
51,37.487936,55.745848
52,37.58464,55.670722
53,37.391233,55.81212
54,37.449695,55.861055
55,37.613611,55.752075
56,37.569719,55.664659
57,37.532924,55.83156
58,37.668893,55.696752
59,37.545087,55.760991
60,37.512586,55.788874
61,37.489787,55.569021
62,37.512631,55.643185
63,37.360151,55.835457
64,37.688809,55.615644
65,37.521668,55.801146
66,37.50716,55.866753
67,37.622504,55.753215
68,37.439751,55.741956
69,37.596543,55.769585
70,37.431944,55.830796
71,37.552184,55.793024
72,37.469359,55.727136
73,37.640614,55.842181
74,37.636608,55.861711
75,37.508104,55.612014
76,37.263986,55.678859
77,37.460421,55.678306
78,37.413754,55.720966
79,37.492078,55.777707
80,37.574525,55.729199
81,37.316466,55.819762
82,37.337657,55.598121
83,37.61874,55.751518
84,37.588512,55.813526
85,37.395751,55.653568
86,37.657718,55.7943
87,37.622504,55.753215
88,37.520536,55.842135
89,37.612578,55.833516
90,37.537056,55.918494
91,39.847919,64.560805
92,37.526825,55.70771
93,37.529591,55.879187
94,37.424102,55.759299
95,37.662192,55.668203
96,37.467006,55.798414
97,37.550935,55.865556
98,37.476833,55.680027
99,37.368712,55.835154
100,37.683194,55.641244
101,37.423716,55.763194
102,37.637928,55.812363
103,37.612057,55.775869
104,37.259639,55.724844
105,37.557547,55.597459
106,37.589752,55.66537
107,37.65602,55.663314
108,37.443641,55.722639
109,37.415065,55.89454
110,37.369592,55.794781
111,37.553927,55.753185
112,37.658967,55.751188
113,37.636159,55.756508
114,37.537056,55.918494
115,37.352812,55.629938
116,37.461391,55.667884
117,37.561464,55.803216
118,37.513035,55.842989
119,37.605023,55.614455
120,37.479546,55.658378
121,37.488574,55.634034
122,37.544827,55.708511
123,37.563485,55.887534
124,37.274775,55.788216
125,37.609964,55.828733
126,36.900798,55.641737
127,37.504151,55.658505
128,37.617635,55.755814
129,37.591494,55.618171
130,37.484146,55.830462
131,37.589913,55.844253
132,37.470788,55.89986
133,37.474318,55.808569
134,37.604717,55.667625
135,37.656281,55.830852
136,37.657116,55.712999
137,37.398734,55.851025
138,37.636374,55.853471
139,37.690938,55.76486
140,37.444719,55.845097
141,37.55081,55.714085
142,37.449695,55.861055
143,37.331091,55.622604
144,37.662183,55.740791
145,37.609272,55.695829
146,37.678406,55.595959
147,37.475064,55.879617
148,37.553927,55.753185
149,37.466584,55.740928
150,37.468452,55.714288
151,37.515335,55.681656
152,37.583787,55.850211
153,37.478244,55.612868
154,37.595806,55.887281
155,37.674849,55.814452
156,37.508921,55.796238
157,37.530427,55.82485
158,37.667555,55.7931
159,37.431423,55.843434
160,37.526825,55.70771
161,37.368712,55.835154
162,37.594144,55.79013
163,37.605436,55.840851
164,37.495797,55.834795
165,37.651843,55.836191
166,37.361481,55.647148
167,37.595761,55.605719
168,37.544081,55.83708
169,37.528226,55.598461
170,37.476833,55.680027
171,37.327084,55.590872
172,37.585296,55.73408
173,37.521345,55.704002
174,37.539078,55.597831
175,37.418874,55.898684
176,37.520545,55.809216
177,37.577993,55.764744
178,37.4114,55.844394
179,37.623133,55.78398
180,37.585817,55.694256
181,37.676699,55.792311
182,37.58067,55.573271
183,37.501618,55.819828
184,37.35354,55.842641
185,37.624364,55.748914
186,37.50911,55.735013
187,37.599876,55.902399
188,37.661159,55.765873
189,37.542545,55.869218
190,37.299946,55.496537
191,39.847919,64.560805
192,37.561347,55.664649
193,37.330192,55.831099
194,37.659775,55.626934
195,37.512856,55.784253
196,37.703415,55.819241
197,37.667321,55.738865
198,37.51229,55.799644
199,37.595321,55.767717
200,37.428531,55.829133
201,37.60849,55.803024
202,37.64277,55.706457
203,37.617635,55.755814
204,37.249389,55.830548
205,37.620375,55.701415
206,37.669989,55.772937
207,37.484622,55.941773
208,37.580463,55.799522
209,37.596507,55.738161
210,37.568938,55.565366
211,37.445087,55.722061
212,37.435232,55.772153
213,37.380282,55.835407
214,37.356055,55.902121
215,37.522432,55.751538
216,37.365828,55.84537
217,37.593111,55.777277
218,37.577903,55.76642
219,37.600361,55.591889
220,37.389769,55.88351
221,37.605113,55.632205
222,37.674606,55.619554
223,37.640156,55.762242
224,37.588539,55.627544
225,37.488745,55.745068
226,37.434657,55.891633
227,37.283345,55.784916
228,37.553927,55.753185
229,37.51573,55.735074
230,37.699283,55.767013
231,37.711285,55.636311
232,37.657125,55.621851
233,37.62016,55.67389
234,37.417302,55.698026
235,37.515335,55.90849
236,37.504016,55.959439
237,37.606514,55.628866
238,37.466584,55.740928
239,37.682314,55.615426
240,37.684102,55.61266
241,37.51379,55.707152
242,37.540425,55.710601
243,37.627822,55.758954
244,37.578478,55.736164
245,37.424102,55.759299
246,37.425189,55.781879
247,37.63358,55.842641
248,37.39391,55.895621
249,37.715722,55.682437
250,37.41211,55.862378
251,37.585503,55.908646
252,37.495707,55.955136
253,37.638404,55.824046
254,37.696579,55.888508
255,37.416323,55.865758
256,37.559469,55.761771
257,37.580418,55.828632
258,37.646822,55.756731
259,37.493578,55.63625
260,37.458957,55.89401
261,37.294862,55.608068
262,37.42819,55.860115
263,37.651879,55.89347
264,37.609083,55.770684
265,37.301204,55.789406
266,37.556487,55.768248
267,37.653496,56.100229
268,37.469485,55.810172
269,37.512434,55.801845
270,37.633068,55.77796
271,37.282842,55.546435
272,37.316466,55.819762
273,37.586787,55.853001
274,37.448833,55.887978
275,37.524435,55.964866
276,37.603873,55.764435
277,37.59719,55.630314
278,37.258049,55.823181
279,37.530085,55.85294
280,37.556756,55.744059
281,37.69428,55.757845
282,37.503325,55.728297
283,37.623492,55.894071
284,37.625235,55.605597
285,37.664464,55.739924
286,37.506675,55.7559
287,37.591593,55.564139
288,37.434657,55.891633
289,37.241484,55.927573
290,37.546417,55.834512
291,37.771571,55.547657
292,37.362217,55.71949
293,37.518749,55.733959
294,37.647495,55.939368
295,37.502786,55.741135
296,37.692833,55.550702
297,37.700765,55.654127
298,37.632961,55.751472
299,37.509271,55.7411
300,37.665165,55.672016
301,37.611455,55.769261
302,37.608931,55.779757
303,37.588907,55.659607
304,37.492284,55.643744
305,37.491431,55.858119
306,36.222192,55.240744
307,37.673439,55.889846
308,37.673241,55.691557
309,37.429959,55.658251
310,37.469359,55.730994
311,37.479483,56.01465
312,37.436984,55.94319
313,37.355255,55.843459
314,37.685683,55.750535
315,37.564051,55.766192
316,37.52351,55.734628
317,37.555436,55.938506
318,37.67387,55.758073
319,37.582071,55.778902
320,37.293658,55.608317
321,37.465937,55.865419
322,37.670923,55.544107
323,37.537362,55.544479
324,37.535089,55.710778
