,longitude,latitude
0,37.660413,55.775864
1,37.657682,55.740882
2,37.557547,55.765088
3,37.752454,55.754324
4,37.632969,55.72202
5,37.689447,55.705645
6,37.502786,55.741135
7,37.659164,55.757339
8,37.53128,55.790231
9,37.637749,55.705452
10,37.668058,55.780993
11,37.539644,55.749299
12,37.656631,55.712142
13,37.674112,55.729939
14,37.652463,55.741095
15,37.497468,55.823211
16,37.707098,55.747363
17,37.566072,55.744632
18,37.636239,55.73183
19,37.621633,55.754638
20,37.629206,55.741571
21,37.592096,55.706883
22,37.614608,55.755773
23,37.508122,55.743649
24,37.658967,55.740238
25,37.397,55.830675
26,37.77961,55.678758
27,37.610287,55.723506
28,37.476169,55.727927
29,37.631505,55.772335
30,37.623304,55.74222
31,37.722576,55.786521
32,37.625792,55.726877
33,37.68129,55.748088
34,37.523707,55.777099
35,37.6751,55.710687
36,37.619764,55.760798
37,37.532098,55.801835
38,37.679969,55.747317
39,37.592824,55.794143
40,37.622091,55.708729
41,37.563377,55.800767
42,37.65567,55.773611
43,37.622333,55.766491
44,37.422027,55.623788
45,37.634434,55.824005
46,37.649669,55.736098
47,37.607637,55.717964
48,37.630715,55.744186
49,37.706497,55.812863
50,37.730302,55.707431
51,37.705841,55.782861
52,37.700837,55.795585
53,37.663943,55.731855
54,37.713953,55.621404
55,37.617779,55.755241
56,37.609784,55.723232
57,37.546093,55.746228
58,37.827581,55.778785
59,37.774598,55.747105
60,37.592285,55.733092
61,37.580149,55.728378
62,37.664896,55.69587
63,37.627193,55.663745
64,37.797442,55.745275
65,37.613189,55.663954
66,37.607026,55.612182
67,37.633949,55.780203
68,37.559379,55.791243
69,37.653155,55.742078
70,37.661563,55.738358
71,37.480993,55.663019
72,37.779027,55.719105
73,37.665408,55.785513
74,37.64569,55.729858
75,37.621741,55.687436
76,37.729934,55.707705
77,37.764483,55.700938
78,37.674885,55.730831
79,37.661563,55.738358
80,37.614545,55.738216
81,37.581298,55.747485
82,37.657332,55.764622
83,37.60894,55.710038
84,37.527956,55.691958
85,37.85391,55.685939
86,37.511508,55.807951
87,37.792196,55.716671
88,37.601879,55.690278
89,37.671112,55.733462
90,37.803784,55.714516
91,24.743403,59.436331
92,37.731021,55.729833
93,37.645779,55.712548
94,37.640066,55.703773
95,37.634793,55.730421
96,37.832827,55.81255
97,37.464571,55.809469
98,37.795349,55.759304
99,37.44462,55.634029
100,37.750406,55.788525
101,37.800254,55.676986
102,37.499561,55.742635
103,37.681559,55.717847
104,37.734524,55.729397
105,37.647549,55.654035
106,37.697316,55.67825
107,37.678685,55.788576
108,37.787821,55.810233
109,37.613835,55.727876
110,37.596669,55.751381
111,37.595321,55.709155
112,37.583373,55.769226
113,37.654601,55.710124
114,37.752526,55.789558
115,37.768669,55.705534
116,37.603918,55.687051
117,37.844783,55.70002
118,37.514068,55.751756
119,37.578271,55.819489
120,37.630715,55.744186
121,37.618848,55.803469
122,37.600594,55.779155
123,37.655894,55.741784
124,37.595914,55.650333
125,30.494642,50.500922
126,37.479699,55.646899
127,37.597693,55.656021
128,37.588674,55.888296
129,37.747963,55.788434
130,37.780608,55.673453
131,37.638,55.808225
132,37.783734,55.794963
133,37.378782,55.720413
134,37.936555,55.794978
135,37.746229,55.775241
136,37.665974,55.739787
137,37.466637,55.677951
138,37.44409,55.850408
139,37.549175,55.683097
140,37.623232,55.761583
141,30.301792,53.852711
142,37.729404,55.811685
143,37.617141,55.795433
144,37.413367,55.805665
145,37.604026,55.86495
146,76.846471,43.283993
147,37.438754,55.845501
148,37.767438,55.67694
149,37.723547,55.710235
150,37.842124,55.765549
151,37.787084,55.788216
152,37.601403,55.780036
153,37.765785,55.704098
154,37.626439,55.756503
155,37.536221,55.691897
156,37.508984,55.762789
157,37.657305,55.753889
158,37.615407,55.73999
159,37.625828,55.762308
160,37.518506,55.706528
161,37.484667,55.655468
162,37.678325,55.772163
163,37.593345,55.79393
164,37.511445,55.663842
165,37.588916,55.752105
166,37.482268,55.664116
167,37.620698,55.653644
168,37.487353,55.731713
169,37.705553,55.636539
170,37.730958,55.877748
171,37.661913,55.682651
172,37.618039,55.764171
173,37.575819,55.753154
174,37.593956,55.794517
175,37.559927,55.67892
176,37.500207,55.697463
177,37.715579,55.81563
178,37.765399,55.677336
179,37.54312,55.742661
180,37.38728,55.819555
181,37.617114,55.757131
182,37.716827,55.737725
183,37.483023,55.799588
184,37.723079,55.693921
185,37.672837,55.635965
186,37.642644,55.67889
187,37.723681,55.675123
188,37.57201,55.655453
189,37.749661,55.659647
190,37.704116,55.782071
191,37.47183,55.854315
192,37.676592,55.787209
193,37.592671,55.796192
194,103.103984,53.132784
195,37.584613,55.75131
196,37.658706,55.741242
197,37.844208,55.653294
198,37.834507,55.704585
199,37.825541,55.73478
200,37.615937,55.627565
201,37.495455,55.675753
202,37.622333,55.766491
203,24.742675,59.436468
204,37.751134,55.622202
205,37.492024,55.84024
206,37.575432,55.795393
207,37.705419,55.809869
208,37.545932,55.774274
209,37.350324,55.857205
210,37.741908,55.658835
211,37.619117,55.762399
212,37.629502,55.743385
213,37.520482,55.642199
214,32.068373,49.661256
215,37.576753,55.819186
216,37.651861,55.682179
217,37.688557,55.723891
218,37.654888,55.777991
219,37.638009,55.870481
220,37.752365,55.699999
221,37.770043,55.649825
222,37.674499,55.73846
223,37.724966,55.586807
224,37.724966,55.586807
225,37.411005,55.738591
226,37.757467,55.658469
227,37.829997,55.735849
228,37.64613,55.653314
229,37.662407,55.594672
230,37.573501,55.81871
231,37.676017,55.789942
232,37.511284,55.63626
233,37.71574,55.781955
234,37.585808,55.852768
235,37.681847,55.747799
236,37.539841,55.66899
237,37.452112,55.780826
238,37.578091,55.819105
239,74.773608,42.875005
240,37.380875,55.766212
241,37.692384,55.676585
242,28.859986,47.039154
243,37.812022,55.710758
244,37.644531,55.808392
245,37.818561,55.807253
246,37.541503,55.656031
247,37.600388,55.637393
248,37.474507,55.630223
249,37.600388,55.637393
250,37.474507,55.630223
251,37.595132,55.752217
252,37.784066,55.718096
253,37.718965,55.784774
254,37.732718,55.612045
255,37.507484,55.61813
256,37.559883,55.793227
257,37.753146,55.803742
258,37.712452,55.757577
259,37.603981,55.623112
260,69.553247,42.291175
261,37.883572,55.714648
262,37.656613,55.708496
263,37.741782,55.647844
264,60.056886,57.429682
265,37.825155,55.724124
266,37.545581,55.863833
267,37.487038,55.691592
268,37.533975,55.693292
269,37.537425,55.608556
270,37.728999,55.767387
271,37.543533,55.79428
272,37.820322,55.750824
273,23.690982,52.061069
274,37.820322,55.750824
275,23.690982,52.061069
276,37.664941,55.677839
277,37.521309,55.645476
278,37.582709,55.672428
279,37.634272,55.789072
280,37.664958,55.67825
281,37.559191,55.877344
282,37.735395,55.816844
283,37.830581,55.810562
284,37.558858,55.857144
285,37.515155,55.805837
286,37.720106,55.609675
287,37.623654,55.669087
288,53.001293,51.16163
289,37.543902,55.74826
290,37.485421,55.840897
291,37.676798,55.718562
292,37.507798,55.869582
293,37.697433,55.798176
294,37.554017,55.671443
295,37.779027,55.810167
296,37.57925,55.689923
297,37.486661,55.839471
298,37.624247,55.633221
299,37.486661,55.839471
300,37.624247,55.633221
301,37.765148,55.704134
302,32.073943,49.665402
303,37.646363,55.851798
304,37.595555,55.647534
305,37.662821,55.680828
306,37.759228,55.639029
307,37.681371,55.755576
308,37.504591,55.674519
309,37.555876,55.889391
310,37.620761,55.709028
311,37.834066,55.70286
312,37.828856,55.70773
313,37.656308,55.648854
314,37.89526,55.712198
315,37.727733,55.713887
316,32.072236,49.662656
317,37.733716,55.607356
318,37.540272,55.638424
319,37.488925,55.843252
320,39.879548,59.22086
321,37.772613,55.749202
322,37.74366,55.802482
323,37.662452,55.888104
324,37.74366,55.802482
325,37.662452,55.888104
326,37.716297,55.747723
327,37.506882,55.677737
328,37.591602,55.668615
329,37.577543,55.819292
330,37.727733,55.713887
331,37.574265,55.693389
332,37.877338,55.746411
333,37.582709,55.672428
334,37.480301,55.662237
335,37.761168,55.725255
336,37.544252,55.77396
337,37.64551,55.852162
338,37.742223,55.652314
339,37.748125,55.891835
340,37.576852,55.838
341,37.621579,55.755419
342,37.772424,55.814391
343,37.408265,55.649962
344,37.686186,55.725143
345,37.51653,55.825664
346,37.534406,55.67693
347,37.44479,55.82666
348,37.738845,55.673184
349,37.534406,55.67693
350,37.44479,55.82666
351,37.738845,55.673184
352,37.822074,55.720372
353,37.737821,55.594687
354,37.646013,55.851161
355,37.818283,55.752683
356,37.632251,55.824415
357,37.466655,55.702581
358,37.729934,55.707705
359,37.606784,55.718334
360,37.825173,55.723389
361,37.742573,55.651135
362,37.597414,55.850995
363,37.640102,55.812368
364,37.688809,55.724216
365,37.819307,55.752784
366,37.526232,55.643658
367,37.533535,55.747966
368,37.411741,55.647041
369,37.700837,55.795585
370,37.761527,55.759476
371,37.678541,55.789952
372,37.674894,55.787108
373,37.880015,55.74521
374,37.674894,55.787108
375,37.880015,55.74521
376,37.47916,55.705381
377,37.612389,55.651379
378,37.509451,55.677428
379,37.469808,55.870112
380,37.744747,55.80398
381,37.76133,55.625282
382,37.469216,55.664436
383,37.52651,55.644237
384,47.471974,42.989886
385,37.74092,55.628047
386,37.674112,55.729939
387,37.752293,55.759172
388,37.499273,55.743396
389,37.596669,55.751381
390,37.607403,55.863661
391,37.450306,55.826989
392,37.544629,55.790221
393,37.478082,55.855078
394,37.386202,55.821032
395,37.687686,55.679245
396,37.682835,55.863555
397,37.520509,55.644379
398,37.603927,55.813566
399,37.603927,55.813566
400,37.625558,55.831934
401,37.816486,55.712578
402,37.438224,55.851561
403,37.489392,55.82801
404,37.578738,55.800332
405,37.898476,55.711732
406,37.628146,55.719536
407,37.707539,55.866324
408,37.59913,55.594611
409,37.57987,55.672823
410,37.729709,55.613453
411,37.602166,55.88557
412,37.603999,55.638968
413,37.485601,55.662882
414,37.829054,55.652862
415,37.590776,55.84863
416,37.801161,55.805295
417,37.739995,55.699878
418,37.730014,55.706599
419,37.444907,55.827439
420,37.766639,55.748123
421,37.658661,55.632535
422,37.741019,55.758438
423,37.721301,55.620347
424,37.766639,55.748123
425,37.658661,55.632535
426,37.741019,55.758438
427,37.721301,55.620347
428,37.489814,55.768947
429,47.474588,42.987769
430,27.595814,53.951447
431,37.705841,55.614002
432,37.621938,55.640274
433,37.404375,55.70601
434,37.797819,55.810587
435,37.759839,55.65754
436,37.68244,55.863101
437,37.880312,55.661176
438,37.585206,55.671575
439,37.469171,55.650236
440,37.470743,55.709657
441,37.60372,55.884721
442,37.817421,55.744931
443,37.728164,55.691734
444,37.697433,55.720798
445,32.073943,49.665402
446,37.547594,55.665594
447,37.593318,55.795499
448,37.500944,55.823687
449,37.547594,55.665594
450,37.593318,55.795499
451,37.500944,55.823687
452,37.545824,55.666056
453,42.755801,59.998085
454,37.532367,55.607489
455,37.539509,55.797883
456,37.826799,55.821204
457,37.685692,55.703677
458,37.862624,55.688644
459,37.532951,55.640111
460,37.8449,55.698553
461,37.495132,55.667127
462,32.073647,49.662143
463,24.716885,59.455947
464,37.492464,55.793409
465,55.81426,54.686692
466,37.602139,55.863166
467,37.722846,55.653004
468,37.820394,55.752374
469,37.71548,55.646589
470,37.450162,55.881046
471,37.519863,55.632901
472,37.559415,55.673945
473,37.519863,55.632901
474,37.559415,55.673945
475,30.625679,50.468694
476,37.767869,55.705665
477,37.887354,55.716615
478,37.680517,55.790448
479,37.819559,55.713983
480,44.57444,40.173721
481,37.828757,55.767094
482,37.804117,55.805128
483,37.86169,55.733579
484,53.005542,51.161314
485,37.699112,55.611373
486,37.861097,55.740005
487,37.84667,55.738044
488,37.827113,55.717827
489,37.412783,55.684183
490,37.537586,55.611963
491,37.470419,55.676316
492,37.596264,55.650998
493,37.679826,55.790337
494,37.605706,55.594367
495,37.685925,55.858523
496,37.603271,55.640746
497,37.685925,55.858523
498,37.603271,55.640746
499,37.599732,55.628723
500,37.449677,55.725595
501,37.583373,55.769226
502,37.530346,55.641031
503,37.748457,55.659998
504,37.396793,55.805771
505,37.401905,55.658794
506,37.662659,55.893692
507,37.564563,55.801116
508,37.851566,55.740928
509,37.504546,55.676301
510,37.663018,55.869208
511,37.357878,55.835356
512,37.516629,55.769499
513,37.494782,55.692993
514,37.832629,55.769707
515,30.563776,50.329943
516,37.362855,55.84443
517,37.619728,55.762571
518,37.831021,55.734658
519,37.746535,55.610311
520,37.619728,55.762571
521,37.831021,55.734658
522,37.746535,55.610311
523,37.365748,55.64475
524,37.816271,55.752029
525,37.798376,55.809125
526,37.351114,55.603344
527,37.607314,55.600521
528,37.720286,55.879081
529,37.40592,55.754
530,37.717941,55.620784
531,37.606622,55.611114
532,37.61229,55.625567
533,37.554178,55.742554
534,37.686437,55.731754
535,37.665542,55.875804
536,37.697639,55.6124
537,37.502786,55.741135
538,37.671399,55.680559
539,37.757557,55.823014
540,37.409244,55.759238
541,30.232981,59.987136
542,37.504043,55.74149
543,37.481496,55.665076
544,37.541431,55.603181
545,37.504043,55.74149
546,37.481496,55.665076
547,37.541431,55.603181
548,37.414041,55.717279
549,37.501196,55.893127
550,37.4046,55.810213
551,37.536284,55.60667
552,37.359801,55.641199
553,37.72263,55.597398
554,37.592752,55.751817
555,30.301729,53.852536
556,37.822388,55.653243
557,37.594153,55.889841
558,37.54153,55.595094
559,37.86354,55.735794
560,113.496522,52.022825
561,37.726161,55.621709
562,37.50928,55.619467
563,37.629367,55.898563
564,37.656173,55.637794
565,37.783114,55.621424
566,37.585404,55.862979
567,37.519422,55.644902
568,37.459828,55.816404
569,37.436364,55.827065
570,37.585404,55.862979
571,37.519422,55.644902
572,37.459828,55.816404
573,37.436364,55.827065
574,37.735395,55.648072
575,37.660314,55.88661
576,37.579412,55.879071
577,37.758204,55.639959
578,37.854548,55.700735
579,37.752149,55.619574
580,37.49365,55.792989
581,37.677598,55.870819
582,37.812794,55.751913
583,37.738045,55.815413
584,37.566683,55.859968
585,37.556541,55.879202
586,37.501205,55.692993
587,37.547252,55.879394
588,37.604529,55.865399
589,37.757485,55.637718
590,37.721615,55.78648
591,37.694747,55.880298
592,44.273801,46.3183
593,30.627197,50.466601
594,37.475854,55.854032
595,37.475854,55.854032
596,37.530256,55.808822
597,37.602885,55.596335
598,37.523132,55.833804
599,37.487963,55.841983
600,37.610197,55.893046
601,37.503361,55.860923
602,37.51573,55.666624
603,37.65593,55.63721
604,69.144028,54.859533
605,37.395455,55.806044
606,37.572684,55.864813
607,37.727598,55.89183
608,37.483472,55.860842
609,37.608212,55.640543
610,37.588916,55.620209
611,37.939268,55.793728
612,30.179513,59.857567
613,37.747738,55.659622
614,37.588188,55.894364
615,37.350854,55.852581
616,37.49347,55.828622
617,37.831021,55.734658
618,37.346739,55.818877
619,37.687713,55.861954
620,37.671507,55.582655
621,37.59524,55.582986
622,37.505813,55.617729
623,129.751366,62.029347
624,60.589417,56.892955
625,37.867286,55.742478
626,37.707107,55.781818
627,37.747918,55.800782
628,37.533535,55.74449
629,68.213832,38.516631
630,37.63464,55.664588
631,30.491435,50.450487
632,37.531316,55.799902
633,32.073943,49.665402
634,37.585619,55.901955
635,37.443632,55.82753
636,37.537676,55.889881
637,37.852015,55.683052
638,37.693947,55.815276
639,37.721642,55.784248
640,37.373419,55.846305
641,37.598726,55.892365
642,37.65911,55.859903
643,37.414418,55.805513
644,37.373419,55.846305
645,37.598726,55.892365
646,37.65911,55.859903
647,37.414418,55.805513
648,37.776071,55.661034
649,37.715803,55.617342
650,37.657592,55.580905
651,37.374021,55.712492
652,37.666782,55.883989
653,37.667582,55.622436
654,37.747514,55.673027
655,37.406522,55.806752
656,37.449803,55.894111
657,37.661554,55.581994
658,37.345419,55.641951
659,37.661159,55.884964
660,37.816271,55.751254
661,37.666144,55.829638
662,37.594638,55.649261
663,37.679242,55.850959
664,37.765372,55.706284
665,37.383624,55.844334
666,37.77643,55.679027
667,37.425611,55.719764
668,37.572082,55.838819
669,37.486248,55.840073
670,37.561113,55.746542
671,37.355498,55.855153
672,37.591925,55.596025
673,37.400099,55.644689
674,37.881569,55.715718
675,37.603289,55.887069
676,37.541683,55.641752
677,37.471866,55.665264
678,37.487397,55.840902
679,37.474614,55.621013
680,37.478702,55.856336
681,37.419368,55.805042
682,37.609191,55.600974
683,37.664932,55.677641
684,37.601897,55.598304
685,24.210639,56.937992
686,37.380929,55.840487
687,37.606514,55.640086
688,37.494602,55.828683
689,37.533167,55.7739
690,37.518587,55.632672
691,37.377785,55.723952
692,37.855671,55.714313
693,37.409837,55.765777
694,37.48914,55.881616
695,37.61353,55.652654
696,37.483508,55.625481
697,37.371964,55.83022
698,37.612488,55.59252
699,37.426321,55.850787
700,37.604071,55.86305
701,37.407196,55.884964
702,37.558562,55.893672
703,37.348033,55.853056
704,37.588853,55.897104
705,37.388762,55.722172
706,37.608922,55.620316
707,37.662668,55.58354
708,37.554187,55.897438
709,37.354016,55.848983
710,37.40742,55.646096
711,37.556271,55.895999
712,37.832521,55.768841
713,37.595052,55.625791
714,37.493587,55.867071
715,37.719908,55.612838
716,37.588171,55.89608
717,37.487362,55.609146
718,27.68914,53.948226
719,37.338205,55.81911
720,36.128246,51.774965
721,37.832575,55.769109
722,37.708733,55.880359
723,37.664069,55.588115
724,37.360052,55.847796
725,37.579771,55.608404
726,37.482026,55.630614
727,37.378908,55.841741
728,37.651708,55.580676
729,37.617276,55.89397
730,37.830222,55.767124
731,37.829961,55.735226
732,37.421874,55.850014
733,37.589689,55.607428
734,37.637272,55.869688
735,37.656029,55.593858
736,37.701673,55.62237
737,37.603118,55.612065
738,37.352273,55.636554
739,37.363376,55.846118
740,37.367643,55.593456
741,37.454034,55.589305
742,37.72891,55.732109
743,44.512663,40.191057
744,37.470662,55.675352
745,37.595052,55.625791
746,37.422279,55.876476
747,37.745151,55.891769
748,37.670896,55.787229
749,37.43614,55.849832
750,37.679242,55.850959
751,37.868903,55.784374
752,37.556307,55.885807
753,37.54056,55.898609
754,37.712731,55.880525
755,37.599732,55.628723
756,37.615973,55.608043
757,37.46317,55.603324
758,37.718992,55.799861
759,37.831856,55.768112
760,37.611104,55.593176
761,37.372934,55.588649
762,37.421515,55.833693
763,37.360052,55.847796
764,37.350773,55.850449
765,37.408903,55.899265
766,37.62007,55.862429
767,37.388322,55.889937
768,37.634595,55.87942
769,37.878632,55.747698
770,69.143022,54.859139
771,37.780967,55.809206
772,37.467123,55.851106
773,37.362999,55.849054
774,37.513044,55.615598
775,37.64807,55.5867
776,37.356827,55.788171
777,37.563134,55.743598
778,37.757,55.654599
779,37.585916,55.671377
780,37.355273,55.823328
781,37.351914,55.852521
782,37.482663,55.601666
783,37.564563,55.801116
784,37.834848,55.738008
785,37.848314,55.702378
786,37.404923,55.707852
787,37.671094,55.619162
788,37.439239,55.625801
789,37.702158,55.782339
790,37.354303,55.636809
791,37.346398,55.851616
792,37.353189,55.637078
793,37.525091,55.893985
794,37.59524,55.582986
795,37.495743,55.883025
796,37.607224,55.595206
797,37.572082,55.838819
798,37.682637,55.86403
799,37.821122,55.752425
800,37.412406,55.750864
801,37.378728,55.838996
802,37.707539,55.866324
803,37.353189,55.637078
804,37.844541,55.644282
805,37.60779,55.613265
806,37.715803,55.617342
807,37.670672,55.630924
808,37.578873,55.897614
809,37.877275,55.661059
810,37.889456,55.679854
811,37.354501,55.815099
812,37.359199,55.708455
813,37.863199,55.65984
814,37.877949,55.784496
815,37.905527,55.77877
816,37.368937,55.827611
817,37.361184,55.708704
818,37.380696,55.717198
819,37.342266,55.816536
820,37.853012,55.74524
821,37.877527,55.685132
822,37.875631,55.822539
823,37.832045,55.642962
824,37.865804,55.668371
825,37.849616,55.630939
826,37.867376,55.783575
827,37.479142,55.890169
828,37.394242,55.857579
829,37.87829,55.660257
830,37.841388,55.809145
831,37.862139,55.747155
832,37.925515,55.637296
833,37.939124,55.79766
834,37.848898,55.631463
835,37.438502,55.88823
836,37.880994,55.677037
837,37.376545,55.712624
838,37.950156,55.661222
839,37.910585,55.663156
840,37.858986,55.745493
841,37.955222,55.82619
842,37.855877,55.778684
843,37.874994,55.783807
844,37.899131,55.774492
845,37.850766,55.768107
846,37.736276,55.886428
847,37.865265,55.771687
848,37.872029,55.688908
849,37.361184,55.708704
850,37.893032,55.705387
851,37.908366,55.694134
852,37.911726,55.646502
853,37.897595,55.687939
854,37.355722,55.70283
855,37.898502,55.685985
856,37.8593,55.751923
857,37.858536,55.676463
858,37.881749,55.753676
859,37.861986,55.69041
860,37.364122,55.765012
861,37.924221,55.750834
862,37.871373,55.669894
863,37.861169,55.673306
864,37.720259,55.898755
865,37.91222,55.582014
866,37.877967,55.679524
867,37.960432,55.825912
868,37.922766,55.658185
869,37.887211,55.682285
870,37.852006,55.757506
871,37.89084,55.69588
872,37.96337,55.795945
873,37.952967,55.668828
874,37.710791,55.582009
875,37.860728,55.752151
876,37.895296,55.681097
877,37.857494,55.74562
878,37.743426,55.583057
879,37.889591,55.693865
880,37.951548,55.654726
881,37.448995,55.894919
882,37.948251,55.751609
883,37.954989,55.813905
884,37.865409,55.629221
885,37.894649,55.778993
886,37.761222,55.591177
887,37.40848,55.678159
888,37.957836,55.827353
889,37.738162,55.584176
890,37.364131,55.709906
891,37.897514,55.683006
892,37.89349,55.683244
893,37.917232,55.659637
894,37.421326,55.88715
895,37.923808,55.658581
896,37.436616,55.886645
897,37.965373,55.81827
898,37.940813,55.797367
899,37.965229,55.835892
900,37.894568,55.677707
901,37.855877,55.778684
902,37.878506,55.749005
903,37.868247,55.746988
904,37.923754,55.750981
905,37.853407,55.750332
906,37.86699,55.746704
907,37.857773,55.753321
908,37.955779,55.751594
909,37.387981,55.821143
910,37.867178,55.687198
911,37.952437,55.75168
912,37.898925,55.68258
913,37.862812,55.754284
914,37.878039,55.667894
915,37.953677,55.75091
916,37.943706,55.808063
917,37.714141,55.892138
918,37.335915,55.822969
919,37.42341,55.885645
920,37.871499,55.688639
921,37.936636,55.799765
922,37.887561,55.75014
923,37.363879,55.885852
924,37.93651,55.659581
925,37.85806,55.657469
926,37.938181,55.791906
927,37.340029,55.815529
928,37.956992,55.752602
929,37.335681,55.695961
930,37.899239,55.683579
931,37.867376,55.783575
932,37.415119,55.68127
933,37.923808,55.658581
934,37.875919,55.689542
935,37.863962,55.759942
936,37.898206,55.682458
937,37.455166,55.892042
938,37.896895,55.678524
939,37.741225,55.58412
940,37.340056,55.816976
941,37.955653,55.750748
942,37.955078,55.751513
943,37.726924,55.892748
944,37.742447,55.885458
945,37.715938,55.90253
946,37.340514,55.818159
947,37.898673,55.684452
948,37.86204,55.674245
