,longitude,latitude
0,37.536526,55.750535
1,37.630544,55.766532
2,37.70567,55.801759
3,37.678325,55.772163
4,37.624534,55.757957
5,37.614608,55.755773
6,37.662821,55.748934
7,37.585314,55.773586
8,37.644746,55.75936
9,37.642384,55.77636
10,37.701304,55.764769
11,37.673834,55.768182
12,37.667303,55.755008
13,37.683006,55.750839
14,37.690614,55.760509
15,37.697388,55.775262
16,37.661356,55.757085
17,37.665974,55.739787
18,37.676313,55.772877
19,37.676259,55.776355
20,37.659461,55.765346
21,37.681856,55.76093
22,37.675289,55.766511
23,37.667941,55.768015
24,37.669809,55.765397
25,37.655347,55.776127
26,37.551241,55.864172
27,37.672289,55.781939
28,37.709021,55.790276
29,37.653056,55.737801
30,37.643381,55.726446
31,37.69454,55.776644
32,37.66106,55.784187
33,37.678137,55.75249
34,37.670061,55.782719
35,37.647226,55.748007
36,37.733329,55.76289
37,37.696876,55.781474
38,37.820897,55.705194
39,37.660557,55.755348
40,37.701978,55.764465
41,37.69737,55.785073
42,37.614132,55.759927
43,37.728281,55.771079
44,37.656963,55.760945
45,37.669872,55.766299
46,37.633805,55.738637
47,37.705535,55.780294
48,37.620645,55.772861
49,37.642689,55.758797
50,37.593704,55.76174
51,37.61247,55.790833
52,37.677301,55.720332
53,37.64922,55.743694
54,37.651529,55.76485
55,37.657736,55.790453
56,37.60708,55.764136
57,37.677652,55.756933
58,37.708051,55.750915
59,37.657116,55.75939
60,37.628756,55.740943
61,37.677894,55.745721
62,37.657323,55.776811
63,37.64772,55.752865
64,37.712605,55.764252
65,37.600307,55.742914
66,37.628298,55.74373
67,37.583266,55.771413
68,37.651196,55.770714
69,37.755949,55.748316
70,37.71442,55.752308
71,37.712587,55.796258
72,37.680113,55.77238
73,37.647567,55.763275
74,37.662344,55.760444
75,37.733177,55.782825
76,37.722756,55.77673
77,37.647729,55.769474
78,37.713935,55.769575
79,37.665309,55.778715
80,37.602885,55.771565
81,37.630409,55.766228
82,37.550208,55.760915
83,37.591611,55.769575
84,37.67086,55.71949
85,37.718489,55.750211
86,37.62281,55.791486
87,37.625801,55.77038
88,37.612398,55.757891
89,37.742474,55.762718
90,37.669369,55.769185
91,37.663692,55.74263
92,37.627175,55.762556
93,37.620878,55.761948
94,37.679871,55.771109
95,37.639976,55.742848
96,37.693525,55.738155
97,37.685242,55.774497
98,37.705562,55.772613
99,37.630598,55.73071
100,37.734461,55.775145
101,37.640542,55.785326
102,37.661841,55.730385
103,37.661841,55.730385
104,37.70514,55.783266
105,37.613027,55.777499
106,37.628613,55.738591
107,37.645986,55.778598
108,37.648421,55.770704
109,37.641342,55.738186
110,37.636374,55.72777
111,37.633104,55.784172
112,37.619477,55.768233
113,37.664473,55.721924
114,37.698825,55.775479
115,37.537083,55.749511
116,37.635799,55.731855
117,37.645582,55.803975
118,37.711617,55.792903
119,37.668165,55.710372
120,37.597549,55.768653
121,37.582511,55.75783
122,37.616557,55.771758
123,37.721642,55.64762
124,37.634182,55.790975
125,37.749265,55.788647
126,37.633868,55.771641
127,37.737821,55.767291
128,37.573977,55.767944
129,37.728281,55.771079
130,37.620968,55.765615
131,37.642393,55.730644
132,37.652705,55.708354
133,37.716639,55.766005
134,37.578855,55.764855
135,37.658706,55.738348
136,37.625873,55.753625
137,37.633706,55.779606
138,37.659326,55.785118
139,37.664958,55.67825
140,37.666809,55.774355
141,37.597549,55.768653
142,37.647091,55.768426
143,37.644917,55.745787
144,37.677158,55.787766
145,37.658814,55.785635
146,37.650603,55.761315
147,37.633176,55.786738
148,37.713081,55.753575
149,37.671804,55.769195
150,37.648142,55.741688
151,37.632978,55.790418
152,37.627894,55.733787
153,37.733123,55.777449
154,37.576708,55.783372
155,37.665453,55.821345
156,37.722549,55.731419
157,37.725146,55.810688
158,37.672298,55.791208
159,37.689905,55.723876
160,37.735395,55.76684
161,37.667761,55.729326
162,37.602948,55.7571
163,37.625352,55.725569
164,37.686868,55.787128
165,37.747541,55.734562
166,37.637596,55.73555
167,37.596543,55.688025
168,37.675595,55.736828
169,37.71115,55.794831
170,37.665408,55.785513
171,37.729835,55.797048
172,37.637425,55.784066
173,37.65611,55.764678
174,37.714348,55.782319
175,37.519539,55.735596
176,37.623366,55.75975
177,37.722019,55.730188
178,37.591036,55.754973
179,37.716827,55.737725
180,37.629745,55.742879
181,37.623115,55.794669
182,37.585871,55.903882
183,37.733563,55.758732
184,37.658589,55.823388
185,37.600945,55.764526
186,37.615578,55.765615
187,37.599399,55.814796
188,37.716836,55.819975
189,37.73518,55.737233
190,37.638009,55.807597
191,37.610988,55.728778
192,37.598825,55.778796
193,37.582206,55.76447
194,37.63765,55.803535
195,37.741297,55.715748
196,37.751044,55.704113
197,37.749265,55.788647
198,37.706973,55.790757
199,37.669576,55.735571
200,37.611913,55.806019
201,37.584146,55.753195
202,37.613835,55.634507
203,37.704448,55.737583
204,37.670501,55.731024
205,37.649885,55.728327
206,37.659371,55.776877
207,37.72776,55.719394
208,37.633544,55.734004
209,37.627544,55.744024
210,37.628262,55.777834
211,37.713378,55.793784
212,37.749328,55.731212
213,37.596543,55.688025
214,37.725361,55.720626
215,37.600433,55.793429
216,37.613054,55.759091
217,37.60814,55.747373
218,37.802598,55.753002
219,37.767438,55.729453
220,37.654987,55.70669
221,37.664779,55.72961
222,37.739986,55.76718
223,37.641629,55.590078
224,37.871553,55.693094
225,37.648142,55.741688
226,37.711617,55.792903
227,37.685242,55.774497
228,37.733662,55.709941
229,37.705562,55.772613
230,37.782512,55.806216
231,37.630598,55.73071
232,37.519539,55.735596
233,37.616557,55.771758
234,37.721642,55.64762
235,37.634182,55.790975
236,37.670501,55.731024
237,37.593156,55.731916
238,37.666809,55.774355
239,37.597549,55.768653
240,37.647091,55.768426
241,37.644917,55.745787
242,37.798053,55.755049
243,37.677158,55.787766
244,37.658589,55.823388
245,37.658814,55.785635
246,37.650603,55.761315
247,37.596543,55.688025
248,37.633176,55.786738
249,37.713081,55.753575
250,37.639976,55.742848
251,37.693525,55.738155
252,37.85426,55.734775
253,37.656308,55.684021
254,37.871553,55.693094
255,37.648142,55.741688
256,37.711617,55.792903
257,37.685242,55.774497
258,37.733662,55.709941
259,37.705562,55.772613
260,37.710458,55.819459
261,37.782512,55.806216
262,37.630598,55.73071
263,37.519539,55.735596
264,37.616557,55.771758
265,37.721642,55.64762
266,37.634182,55.790975
267,37.670501,55.731024
268,37.597549,55.768653
269,37.593156,55.731916
270,37.666809,55.774355
271,37.597549,55.768653
272,37.647091,55.768426
273,37.644917,55.745787
274,37.798053,55.755049
275,37.519539,55.735596
276,37.616557,55.771758
277,37.721642,55.64762
278,37.634182,55.790975
279,37.670501,55.731024
280,37.597549,55.768653
281,37.593156,55.731916
282,37.666809,55.774355
283,37.597549,55.768653
284,37.647091,55.768426
285,37.644917,55.745787
286,37.798053,55.755049
287,37.677158,55.787766
288,37.658589,55.823388
289,37.636715,55.801536
290,37.658814,55.785635
291,37.650603,55.761315
292,37.596543,55.688025
293,37.633176,55.786738
294,37.713081,55.753575
295,37.671804,55.769195
296,37.675595,55.736828
297,37.71115,55.794831
298,37.665408,55.785513
299,37.774014,55.667731
300,37.671804,55.769195
301,37.675595,55.736828
302,37.71115,55.794831
303,37.665408,55.785513
304,37.774014,55.667731
305,37.653676,55.764379
306,37.729835,55.797048
307,37.637425,55.784066
308,37.65611,55.764678
309,37.751044,55.704113
310,37.714348,55.782319
311,37.706973,55.790757
312,37.58499,55.795823
313,37.669576,55.735571
314,37.696292,55.774578
315,37.612578,55.803039
316,37.584146,55.753195
317,37.80091,55.742965
318,37.669998,55.780654
319,37.549624,55.777707
320,37.739492,55.787047
321,37.631748,55.737568
322,37.705419,55.809869
323,37.641009,55.836757
324,37.600253,55.762753
325,37.641009,55.836757
326,37.600253,55.762753
327,37.784434,55.722
328,37.50822,55.751771
329,37.580167,55.608053
330,37.731371,55.780988
331,37.597486,55.772426
332,37.748277,55.789178
333,37.794765,55.799456
334,37.786779,55.802249
335,37.597522,55.751741
336,37.650028,55.815974
337,37.705535,55.780294
338,37.762902,55.725929
339,37.636671,55.753985
340,37.717456,55.750418
341,37.848987,55.680483
342,37.632727,55.761138
343,37.681371,55.755576
344,37.686877,55.775915
345,37.657332,55.764622
346,37.717663,55.688091
347,37.62634,55.823181
348,37.63023,55.740588
349,37.847299,55.767894
350,37.63023,55.740588
351,37.847299,55.767894
352,37.614356,55.70982
353,37.681586,55.687604
354,37.638494,55.757865
355,37.754682,55.729326
356,37.708751,55.812317
357,37.663854,55.828758
358,37.751978,55.758889
359,37.700172,55.75785
360,37.630643,55.81606
361,37.608526,55.714414
362,37.678846,55.869844
363,37.698466,55.797002
364,37.71097,55.719095
365,37.738207,55.69488
366,37.757674,55.743826
367,37.604295,55.787665
368,37.613503,55.786283
369,37.738198,55.764288
370,37.588709,55.775935
371,37.610287,55.765392
372,37.618569,55.722142
373,37.816486,55.745772
374,37.603424,55.771773
375,37.603424,55.771773
376,37.679466,55.705818
377,37.583463,55.747231
378,37.696687,55.791997
379,37.620483,55.765073
380,37.580921,55.768522
381,37.491871,55.858594
382,37.71115,55.794831
383,37.734955,55.815398
384,37.631532,55.717437
385,37.733132,55.714125
386,37.615964,55.76527
387,37.74145,55.780249
388,37.633859,55.783494
389,37.597279,55.713755
390,37.614213,55.761983
391,37.628208,55.741495
392,37.64171,55.779196
393,37.655347,55.776127
394,37.704502,55.683483
395,37.719271,55.811862
396,37.594584,55.800448
397,37.588521,55.807193
398,37.581227,55.782061
399,37.710862,55.818862
400,37.64171,55.779196
401,37.655347,55.776127
402,37.704502,55.683483
403,37.719271,55.811862
404,37.594584,55.800448
405,37.588521,55.807193
406,37.581227,55.782061
407,37.710862,55.818862
408,37.630814,55.780097
409,37.866522,55.710844
410,37.708868,55.775712
411,37.606011,55.713649
412,37.58809,55.746988
413,37.70046,55.818336
414,37.704583,55.810076
415,37.757889,55.822382
416,37.596094,55.752298
417,37.603002,55.706315
418,37.833168,55.76368
419,37.631586,55.802912
420,37.676187,55.719384
421,37.562236,55.761365
422,37.636976,55.770294
423,37.637596,55.73555
424,37.613198,55.758493
425,37.704583,55.810076
426,37.757889,55.822382
427,37.596094,55.752298
428,37.603002,55.706315
429,37.833168,55.76368
430,37.631586,55.802912
431,37.676187,55.719384
432,37.562236,55.761365
433,37.636976,55.770294
434,37.637596,55.73555
435,37.613198,55.758493
436,37.60955,55.787584
437,37.656523,55.75511
438,37.599911,55.691435
439,37.634982,55.765924
440,37.509703,55.702729
441,37.636697,55.762176
442,37.730293,55.814406
443,37.632251,55.824415
444,37.584955,55.750084
445,37.506298,55.737917
446,37.604646,55.759831
447,37.676313,55.772061
448,37.549579,55.742519
449,37.769118,55.710504
450,37.634982,55.765924
451,37.509703,55.702729
452,37.636697,55.762176
453,37.730293,55.814406
454,37.632251,55.824415
455,37.584955,55.750084
456,37.506298,55.737917
457,37.604646,55.759831
458,37.676313,55.772061
459,37.549579,55.742519
460,37.769118,55.710504
461,37.801529,55.744206
462,37.733787,55.721691
463,37.645564,55.752708
464,37.647459,55.727496
465,37.66009,55.705924
466,37.584919,55.772892
467,37.596354,55.718111
468,37.732287,55.76443
469,37.59436,55.738257
470,37.589743,55.773368
471,37.673906,55.682285
472,37.661743,55.743183
473,37.580966,55.879122
474,37.596094,55.752455
475,37.769118,55.710504
476,37.801529,55.744206
477,37.733787,55.721691
478,37.645564,55.752708
479,37.647459,55.727496
480,37.66009,55.705924
481,37.584919,55.772892
482,37.596354,55.718111
483,37.732287,55.76443
484,37.59436,55.738257
485,37.589743,55.773368
486,37.673906,55.682285
487,37.661743,55.743183
488,37.580966,55.879122
489,37.596094,55.752455
490,37.650334,55.759344
491,37.659569,55.767261
492,37.578855,55.780157
493,37.676574,55.741977
494,37.638009,55.807597
495,37.6024,55.778137
496,37.991146,55.932258
497,37.58499,55.795823
498,37.552184,55.746785
499,37.678837,55.786455
500,37.676574,55.741977
501,37.638009,55.807597
502,37.6024,55.778137
503,37.991146,55.932258
504,37.58499,55.795823
505,37.552184,55.746785
506,37.678837,55.786455
507,37.667483,55.725696
508,37.806785,55.694251
509,37.654224,55.765949
510,37.665902,55.674631
511,37.576816,55.721234
512,37.686806,55.737856
513,37.801161,55.805295
514,37.686877,55.775915
515,37.536922,55.773854
516,37.612497,55.735444
517,37.613988,55.798556
518,37.621785,55.71806
519,37.743372,55.76053
520,37.597441,55.760033
521,37.566701,55.72638
522,37.832665,55.770436
523,37.648133,55.748235
524,37.644666,55.759005
525,37.686877,55.775915
526,37.536922,55.773854
527,37.612497,55.735444
528,37.613988,55.798556
529,37.621785,55.71806
530,37.743372,55.76053
531,37.597441,55.760033
532,37.566701,55.72638
533,37.648133,55.748235
534,37.644666,55.759005
535,37.570564,55.785888
536,37.805769,55.743907
537,37.763396,55.680742
538,37.794217,55.759111
539,37.72148,55.750327
540,37.556783,55.77918
541,37.682754,55.852682
542,37.583957,55.750332
543,37.815974,55.750854
544,37.621345,55.766035
545,37.585925,55.778461
546,37.816441,55.720722
547,37.572279,55.761811
548,37.586491,55.76093
549,37.556783,55.77918
550,37.682754,55.852682
551,37.583957,55.750332
552,37.528855,55.73811
553,37.815974,55.750854
554,37.621345,55.766035
555,37.585925,55.778461
556,37.816441,55.720722
557,37.572279,55.761811
558,37.586491,55.76093
559,37.783653,55.790418
560,37.810072,55.715297
561,37.782261,55.788014
562,37.576483,55.785037
563,37.586311,55.791091
564,37.618354,55.818877
565,37.825011,55.718517
566,37.790615,55.764136
567,37.636949,55.732484
568,37.552732,55.759106
569,37.639815,55.837232
570,37.771292,55.704129
571,37.593327,55.79727
572,37.675244,55.732479
573,37.737264,55.782476
574,37.618354,55.818877
575,37.825011,55.718517
576,37.790615,55.764136
577,37.636949,55.732484
578,37.552732,55.759106
579,37.639815,55.837232
580,37.771292,55.704129
581,37.593327,55.79727
582,37.675244,55.732479
583,37.737264,55.782476
584,37.582987,55.719708
585,37.642833,55.709454
586,37.638835,55.733655
587,37.788971,55.790615
588,37.865031,55.774522
589,37.8699,55.66696
590,37.636976,55.770294
591,37.819244,55.708227
592,37.770079,55.806105
593,37.627687,55.774988
594,37.575792,55.739757
595,37.612578,55.779104
596,37.760548,55.741368
597,37.654529,55.681504
598,37.648097,55.760195
599,37.819244,55.708227
600,37.770079,55.806105
601,37.627687,55.774988
602,37.575792,55.739757
603,37.612578,55.779104
604,37.760548,55.741368
605,37.654529,55.681504
606,37.648097,55.760195
607,37.632763,55.783109
608,37.563278,55.760722
609,37.629502,55.743385
610,37.718974,55.798647
611,37.663503,55.769874
612,37.789016,55.788879
613,37.609568,55.721544
614,37.571938,55.768446
615,37.702158,55.81648
616,38.097587,55.630177
617,37.564123,55.687335
618,37.521381,55.785711
619,37.638126,55.833799
620,37.593938,55.750459
621,37.679969,55.747317
622,37.751367,55.713025
623,37.665569,55.77952
624,37.629502,55.743385
625,37.50584,55.793505
626,37.718974,55.798647
627,37.663503,55.769874
628,37.789016,55.788879
629,37.609568,55.721544
630,37.571938,55.768446
631,37.702158,55.81648
632,38.097587,55.630177
633,37.564123,55.687335
634,37.521381,55.785711
635,37.638126,55.833799
636,37.593938,55.750459
637,37.679969,55.747317
638,37.751367,55.713025
639,37.665569,55.77952
640,37.786267,55.790251
641,37.656523,55.75511
642,37.588126,55.794355
643,37.742537,55.731962
644,37.616512,55.76527
645,37.626466,55.82843
646,37.566306,55.8749
647,37.62387,55.82092
648,37.692483,55.793212
649,37.656523,55.75511
650,37.588126,55.794355
651,37.742537,55.731962
652,37.616512,55.76527
653,37.626466,55.82843
654,37.566306,55.8749
655,37.62387,55.82092
656,37.692483,55.793212
657,37.640956,55.784425
658,37.830635,55.725792
659,37.603469,55.865445
660,37.612416,55.794386
661,37.722091,55.686381
662,37.751673,55.732915
663,37.758707,55.759167
664,37.610826,55.766258
665,37.797703,55.811619
666,37.324326,55.870688
667,37.621534,55.722294
668,37.888028,55.823773
669,37.762273,55.709028
670,37.78677,55.697615
671,37.493632,55.829911
672,37.684712,55.706218
673,37.830635,55.725792
674,37.758707,55.759167
675,37.610826,55.766258
676,37.797703,55.811619
677,37.324326,55.870688
678,37.621534,55.722294
679,37.888028,55.823773
680,37.762273,55.709028
681,37.78677,55.697615
682,37.493632,55.829911
683,37.684712,55.706218
684,37.830635,55.725792
685,37.724948,55.682336
686,37.664887,55.730958
687,37.575432,55.795393
688,37.666584,55.733918
689,37.672855,55.680813
690,37.56768,55.680818
691,37.529906,55.732818
692,37.708868,55.775712
693,37.710287,55.772861
694,37.582709,55.778644
695,37.531029,55.738688
696,37.58508,55.757333
697,37.584748,55.682031
698,37.613072,55.744444
699,37.708868,55.775712
700,37.710287,55.772861
701,37.582709,55.778644
702,37.531029,55.738688
703,37.58508,55.757333
704,37.584748,55.682031
705,37.613072,55.744444
706,37.89879,55.699639
707,37.717456,55.750418
708,37.747738,55.799219
709,37.816352,55.803565
710,37.737929,55.679377
711,37.63606,55.785392
712,37.574732,55.828536
713,37.773017,55.790469
714,37.59303,55.70772
715,37.664393,55.723354
716,37.700424,55.70881
717,37.662874,55.724743
718,37.783572,55.749486
719,37.634398,55.677539
720,37.552732,55.759106
721,37.582565,55.800909
722,37.895008,55.711103
723,37.593542,55.741698
724,37.816352,55.803565
725,37.737929,55.679377
726,37.63606,55.785392
727,37.574732,55.828536
728,37.773017,55.790469
729,37.59303,55.70772
730,37.664393,55.723354
731,37.700424,55.70881
732,37.662874,55.724743
733,37.783572,55.749486
734,37.634398,55.677539
735,37.552732,55.759106
736,37.582565,55.800909
737,37.895008,55.711103
738,37.454861,55.705594
739,37.593542,55.741698
740,37.590138,55.656331
741,37.689617,55.874102
742,37.705221,55.760672
743,37.683464,55.793677
744,37.588206,55.777884
745,37.753964,55.715753
746,37.627831,55.76921
747,37.787138,55.718806
748,37.647846,55.766425
749,37.675864,55.643373
750,37.895008,55.711103
751,37.454861,55.705594
752,37.593542,55.741698
753,37.689617,55.874102
754,37.705221,55.760672
755,37.683464,55.793677
756,37.588206,55.777884
757,37.753964,55.715753
758,37.627831,55.76921
759,37.787138,55.718806
760,37.647846,55.766425
761,37.672792,55.703155
762,37.575792,55.8468
763,37.682188,55.742564
764,37.522558,55.754223
765,37.570501,55.688324
766,37.617977,55.713618
767,37.596606,55.770654
768,37.849886,55.681529
769,37.818687,55.806995
770,37.527516,55.779778
771,37.594414,55.786996
772,37.634074,55.725519
773,37.541198,55.794609
774,37.789914,55.699837
775,37.818687,55.806995
776,37.527516,55.779778
777,37.594414,55.786996
778,37.634074,55.725519
779,37.541198,55.794609
780,37.674831,55.705407
781,37.728981,55.815752
782,37.635179,55.790737
783,37.510853,55.78439
784,37.754503,55.664888
785,37.539688,55.846618
786,37.587353,55.660155
787,37.867052,55.632042
788,37.489805,55.74261
789,37.584029,55.771292
790,37.480076,55.742215
791,37.533679,55.732504
792,37.533526,55.731871
793,37.783329,55.708273
794,37.520491,55.7536
795,37.67873,55.744277
796,37.672379,55.731906
797,37.71769,55.804688
798,37.584029,55.771292
799,37.480076,55.742215
800,37.533679,55.732504
801,37.533526,55.731871
802,37.783329,55.708273
803,37.520491,55.7536
804,37.67873,55.744277
805,37.672379,55.731906
806,37.71769,55.804688
807,37.664887,55.730958
808,37.41697,55.730421
809,37.672765,55.702592
810,37.886654,55.717614
811,37.649993,55.7889
812,37.474381,55.865738
813,37.607637,55.717964
814,37.660611,55.814143
815,37.682601,55.772112
816,37.766199,55.710829
817,37.776206,55.74826
818,37.612829,55.722999
819,37.622091,55.708729
820,37.664896,55.69587
821,37.559415,55.654295
822,37.65399,55.740122
823,37.776206,55.74826
824,37.612829,55.722999
825,37.622091,55.708729
826,37.664896,55.69587
827,37.559415,55.654295
828,37.65399,55.740122
829,37.583373,55.769226
830,37.50902,55.7166
831,37.417473,55.740548
832,37.827769,55.740294
833,37.536059,55.808214
834,37.6903,55.796516
835,37.723187,55.81913
836,37.671399,55.746279
837,37.603864,55.873188
838,37.546722,55.738875
839,37.786779,55.802249
840,37.581325,55.723607
841,37.601088,55.828101
842,37.489392,55.82801
843,37.80523,55.792002
844,37.734901,55.821264
845,37.587128,55.774563
846,37.629691,55.738399
847,37.624723,55.878682
848,37.734901,55.821264
849,37.587128,55.774563
850,37.629691,55.738399
851,37.624723,55.878682
852,37.671399,55.680559
853,37.780554,55.815013
854,37.923781,55.701719
855,37.769325,55.726482
856,37.647846,55.826104
857,37.606595,55.692709
858,37.710566,55.785549
859,37.595653,55.785792
860,37.581164,55.765377
861,37.746768,55.718542
862,37.62281,55.791486
863,37.702706,55.818948
864,37.618749,55.854759
865,37.603675,55.753722
866,37.596821,55.813607
867,37.596246,55.871703
868,37.659371,55.758666
869,37.709901,55.737137
870,37.594045,55.639258
871,37.852185,55.753301
872,37.546579,55.843252
873,37.596821,55.813607
874,37.596246,55.871703
875,37.659371,55.758666
876,37.709901,55.737137
877,37.594045,55.639258
878,37.852185,55.753301
879,37.546579,55.843252
880,37.584065,55.74072
881,37.763728,55.65431
882,37.548231,55.690552
883,37.56892,55.754593
884,37.532017,55.688096
885,37.708931,55.636036
886,37.58791,55.682224
887,37.920197,55.700816
888,37.67528,55.771611
889,37.6941,55.727699
890,37.512739,55.730132
891,37.770699,55.729843
892,37.679134,55.744363
893,37.649292,55.769423
894,37.76168,55.7282
895,37.717151,55.87439
896,37.673106,55.704894
897,37.716549,55.791461
898,37.512739,55.730132
899,37.770699,55.729843
900,37.679134,55.744363
901,37.649292,55.769423
902,37.76168,55.7282
903,37.717151,55.87439
904,37.673106,55.704894
905,37.716549,55.791461
906,37.63535,55.820561
907,37.657179,55.869814
908,37.566818,55.727161
909,37.561446,55.727029
910,37.578496,55.725214
911,37.554178,55.742554
912,37.650208,55.760585
913,37.664446,55.833188
914,37.558113,55.811735
915,37.847838,55.766045
916,37.524336,55.806737
917,37.817663,55.751011
918,37.678146,55.679255
919,37.6342,55.742509
920,37.691324,55.871572
921,37.689087,55.884696
922,37.778416,55.763022
923,37.558113,55.811735
924,37.847838,55.766045
925,37.524336,55.806737
926,37.817663,55.751011
927,37.678146,55.679255
928,37.6342,55.742509
929,37.691324,55.871572
930,37.689087,55.884696
931,37.768067,55.706974
932,37.480319,55.642733
933,37.576277,55.704788
934,37.439993,55.868283
935,37.667061,55.860337
936,37.723268,55.798277
937,37.592168,55.775353
938,37.539545,55.732742
939,37.519755,55.739052
940,37.680975,55.864813
941,37.4993,55.820344
942,37.590515,55.791071
943,37.850667,55.770451
944,37.579358,55.719252
945,37.630284,55.722193
946,37.804763,55.797579
947,37.592168,55.775353
948,37.539545,55.732742
949,37.519755,55.739052
950,37.680975,55.864813
951,37.4993,55.820344
952,37.590515,55.791071
953,37.850667,55.770451
954,37.579358,55.719252
955,37.630284,55.722193
956,37.731811,55.765169
957,37.601106,55.673671
958,37.760503,55.696154
959,37.746768,55.716869
960,37.559191,55.677565
961,37.679134,55.744363
962,37.777751,55.76174
963,37.588817,55.776664
964,37.580714,55.786748
965,37.619764,55.760798
966,37.856911,55.755723
967,37.745969,55.622477
968,37.557727,55.759826
969,37.588817,55.776664
970,37.580714,55.786748
971,37.619764,55.760798
972,37.856911,55.755723
973,37.745969,55.622477
974,37.557727,55.759826
975,37.857899,55.738363
976,37.638,55.808948
977,37.661096,55.831999
978,37.622747,55.723197
979,37.577499,55.742585
980,37.744774,55.672417
981,37.773053,55.703895
982,37.704583,55.810076
983,37.571417,55.879611
984,37.915373,55.692384
985,37.724652,55.803454
986,37.543722,55.761001
987,37.66689,55.647077
988,37.589743,55.731881
989,37.753694,55.731369
990,37.506047,55.703119
991,37.842897,55.806444
992,37.555463,55.662953
993,37.503576,55.800114
994,37.915373,55.692384
995,37.724652,55.803454
996,37.543722,55.761001
997,37.66689,55.647077
998,37.589743,55.731881
999,37.753694,55.731369
1000,37.506047,55.703119
1001,37.842897,55.806444
1002,37.555463,55.662953
1003,37.503576,55.800114
1004,37.564769,55.722228
1005,37.620905,55.814047
1006,37.613737,55.854966
1007,37.60593,55.719911
1008,37.464257,55.777748
1009,37.600441,55.813435
1010,37.70558,55.879036
1011,37.627831,55.76921
1012,37.674894,55.787108
1013,37.614824,55.864904
1014,37.88757,55.713365
1015,37.612677,55.788125
1016,37.866154,55.690517
1017,37.464194,55.687441
1018,37.691055,55.876284
