,longitude,latitude
0,37.824041,55.72272
1,37.736402,55.910483
2,37.571336,55.689015
3,37.682206,55.895974
4,37.521551,55.83384
5,37.471102,55.60101
6,37.73562,55.610402
7,37.677652,55.756933
8,37.578738,55.800332
9,37.624166,55.766734
10,37.665974,55.739787
11,37.583373,55.769226
12,37.556325,55.89346
13,37.554178,55.742554
14,37.899059,55.682666
15,37.620555,55.712112
16,37.674741,55.776598
17,37.720106,55.609675
18,37.567698,55.727374
19,37.633688,55.757409
20,37.57236,55.865576
21,37.765381,55.699781
22,37.599911,55.691435
23,37.663027,55.893511
24,37.726277,55.703281
25,37.50928,55.619467
26,37.634631,55.678707
27,37.554178,55.742554
28,37.579223,55.794917
29,37.601798,55.588415
30,37.420491,55.849378
31,37.499273,55.743396
32,37.900128,55.682341
33,37.668165,55.710372
34,32.072236,49.662656
35,37.796382,55.716088
36,37.827185,55.73478
37,37.718238,55.794452
38,37.436409,55.895651
39,37.812022,55.710758
40,37.519422,55.644902
41,37.415119,55.68127
42,37.866945,55.784875
43,37.763126,55.655828
44,37.878057,55.714044
45,37.493587,55.867071
46,37.687497,55.724165
47,37.866064,55.741814
48,37.469844,55.775459
49,37.687497,55.724165
50,37.47333,55.703586
51,37.705535,55.780294
52,37.87617,55.675499
53,37.896329,55.701034
54,37.441431,55.623193
55,37.895646,55.585947
56,37.620555,55.712112
57,37.489239,55.793257
58,37.452103,55.722588
59,37.452579,55.893501
60,37.863908,55.743061
61,37.679134,55.744363
62,37.712452,55.757577
63,37.61424,55.855522
64,37.956866,55.662451
65,37.650172,55.742407
66,37.439706,55.627249
67,37.583391,55.829234
68,37.398267,55.657921
69,37.765381,55.699781
70,37.662093,55.845855
71,37.676187,55.719384
72,37.471291,55.596727
73,37.718238,55.794452
74,37.529124,55.807946
75,37.726538,55.691369
76,37.407169,55.726026
77,37.550567,55.683919
78,37.700765,55.654127
79,37.681856,55.76093
80,37.516844,55.63037
81,37.898673,55.684452
82,37.499273,55.743396
83,37.534577,55.607514
84,37.603289,55.887069
85,37.500207,55.697463
86,37.820133,55.751771
87,37.848898,55.631463
88,37.519647,55.78528
89,37.597306,55.679392
90,37.719342,55.646731
91,37.430768,55.850712
92,37.581101,55.827737
93,37.52245,55.833193
94,37.854907,55.751974
95,37.496003,55.694114
96,37.859543,55.750175
97,37.899239,55.683579
98,37.480319,55.704539
99,37.772613,55.749202
100,37.765776,55.706751
101,30.232981,59.987136
102,37.721094,55.610336
103,37.407187,55.649759
104,56.238696,58.011971
105,37.664887,55.730958
106,37.72095,55.781879
107,37.668165,55.710372
108,37.510502,55.617225
109,37.362334,55.888937
110,37.468946,55.596991
111,37.42341,55.885645
112,37.744576,55.655783
113,37.509568,55.618181
114,37.717447,55.76253
115,37.400494,55.8977
116,68.217614,38.521465
117,37.763028,55.676702
118,37.403755,55.810966
119,37.677158,55.787766
120,37.766639,55.747252
121,32.073943,49.665402
122,37.604834,55.850024
123,37.8964,55.692115
124,37.826404,55.778249
125,37.471632,55.726963
126,37.509316,55.881717
127,37.751574,55.657956
128,37.663512,55.730547
129,37.709326,55.870193
130,37.868634,55.771312
131,37.652957,55.587575
132,37.368541,55.817851
133,37.719262,55.793252
134,37.554178,55.742554
135,37.73668,55.816151
136,37.603415,55.609924
137,37.462936,55.596295
138,37.594638,55.649261
139,37.824041,55.72272
140,37.600567,55.629044
141,37.448725,55.902035
142,37.863109,55.758914
143,37.512487,55.66965
144,37.636931,55.792933
145,37.671399,55.680559
146,37.898116,55.676494
147,37.475854,55.854032
148,37.474372,55.734993
149,37.493991,55.809565
150,37.7676,55.710732
151,37.585134,55.804359
152,37.44479,55.82666
153,37.521731,55.833107
154,37.647998,55.656265
155,30.491435,50.450487
156,37.566072,55.744632
157,37.735836,55.816384
158,37.638844,55.758397
159,37.70638,55.745184
160,37.479519,55.898417
161,37.483921,55.860514
162,37.957423,55.797189
163,37.705841,55.614002
164,37.526483,55.778056
165,37.696588,55.879526
166,37.55346,55.896963
167,37.66733,55.619147
168,37.655616,55.641671
169,37.702239,55.736954
170,37.701394,55.819752
171,37.364535,55.819772
172,37.686186,55.725143
173,37.608194,55.656991
174,37.574696,55.760251
175,37.668686,55.770547
176,37.533149,55.772755
177,37.661159,55.884964
178,37.528729,55.808068
179,37.603415,55.609924
180,37.797604,55.813749
181,37.676313,55.633343
182,37.539644,55.749299
183,37.606721,55.860423
184,37.638009,55.870481
185,37.735395,55.816844
186,37.878632,55.747698
187,37.52651,55.644237
188,37.380112,55.655376
189,37.526232,55.643658
190,37.830958,55.654879
191,37.875119,55.768258
192,37.658356,55.886029
193,37.617635,55.755814
194,37.648286,55.655798
195,37.634434,55.824005
196,37.690614,55.778897
197,37.486769,55.609685
198,37.948251,55.751609
199,37.543354,55.865177
200,37.383624,55.844334
201,37.578406,55.653477
202,37.814627,55.721305
203,37.512236,55.701719
204,37.342032,55.635848
205,37.352273,55.636554
206,37.668651,55.752171
207,37.781308,55.803418
208,37.580167,55.608053
209,37.361939,55.846694
210,37.473357,55.784881
211,37.762057,55.747687
212,30.34916,53.929685
213,37.629277,55.831388
214,37.462909,55.624805
215,37.682835,55.863555
216,37.739168,55.698797
217,37.555328,55.599173
218,37.72387,55.712589
219,37.749149,55.794462
220,37.775541,55.74563
221,37.522719,55.879556
222,37.477381,55.85578
223,37.629915,55.744262
224,37.678541,55.789952
225,37.792429,55.63721
226,37.657772,55.887109
227,37.863639,55.754613
228,37.620555,55.712112
229,37.812147,55.716656
230,37.463143,55.599153
231,37.729952,55.707319
232,37.466018,55.598055
233,37.924284,55.758205
234,37.656272,55.810101
235,37.471102,55.60101
236,37.588674,55.888296
237,37.477381,55.85578
238,37.467913,55.597337
239,69.536197,42.365164
240,37.412361,55.891693
241,37.50655,55.676149
242,37.902716,55.678006
243,37.835737,55.714095
244,37.611131,55.861029
245,37.857162,55.746436
246,37.57236,55.865576
247,37.956884,55.826159
248,37.555849,55.890366
249,37.471102,55.60101
250,37.677652,55.756933
251,37.551384,55.897125
252,37.519422,55.644902
253,37.466961,55.597704
254,37.647998,55.656265
255,37.724077,55.59049
256,37.682521,55.773753
257,37.366835,55.81645
258,37.487802,55.739544
259,37.58464,55.670722
260,37.54268,55.602932
261,37.396227,55.687944
262,37.519395,55.645959
263,37.859543,55.750175
264,37.705841,55.614002
265,37.683392,55.863965
266,37.340514,55.818159
267,37.898925,55.68258
268,37.555355,55.896327
269,37.572684,55.688005
270,37.580966,55.879122
271,37.66874,55.638247
272,37.753425,55.7943
273,37.857036,55.737796
274,37.467554,55.774674
275,37.85338,55.648057
276,37.839268,55.658439
277,37.44479,55.82666
278,37.830958,55.654879
279,37.494782,55.692993
280,37.759955,55.665005
281,37.424237,55.847447
282,37.850964,55.68736
283,37.662093,55.845855
284,37.471102,55.60101
285,37.663324,55.582635
286,37.752526,55.789558
287,37.66998,55.856316
288,37.836591,55.714247
289,37.339131,55.822372
290,37.737749,55.621653
291,37.593983,55.752105
292,37.561347,55.664649
293,37.855141,55.760515
294,37.854773,55.690765
295,37.471102,55.60101
296,37.534406,55.67693
297,37.593956,55.653309
298,37.411589,55.892864
299,37.546057,55.68398
300,37.832665,55.770436
301,37.629062,55.781322
302,37.604268,55.882919
303,37.629655,55.817653
304,37.507601,55.727688
305,37.953282,55.662979
306,37.511041,55.618313
307,37.743849,55.613138
308,37.677697,55.775717
309,37.861716,55.748848
310,37.825712,55.802381
311,37.522854,55.833107
312,37.657143,55.59367
313,37.510502,55.617225
314,-11.715684,8.644123
315,37.383301,55.718243
316,37.89163,55.701998
317,37.594998,55.673367
318,37.897505,55.682651
319,37.832997,55.755682
320,37.487963,55.841983
321,37.408382,55.740563
322,37.726358,55.696052
323,37.511284,55.63626
324,37.603415,55.609924
325,37.677742,55.721594
326,24.716885,59.455947
327,37.901566,55.706487
328,37.76601,55.634334
329,37.863908,55.743061
330,37.827733,55.655163
331,37.682206,55.895974
332,37.746822,55.72928
333,37.875955,55.675331
334,37.857773,55.753321
335,37.596157,55.611485
336,37.762057,55.747687
337,37.555849,55.890366
338,37.580759,55.89982
339,76.849965,43.228322
340,37.951305,55.75211
341,37.955779,55.751594
342,37.455166,55.892042
