,longitude,latitude
0,37.559541,55.784233
1,37.531954,55.766131
2,37.649445,55.77755
3,37.71866,55.713988
4,37.608868,55.740193
5,37.584748,55.784045
6,37.581101,55.766233
7,37.50734,55.739559
8,37.605768,55.779995
9,37.581298,55.747485
10,37.612497,55.739772
11,37.599292,55.751812
12,74.606234,42.862265
13,37.605768,55.773353
14,37.606263,55.753301
15,37.637407,55.740031
16,37.652993,55.723668
17,37.586158,55.75204
18,37.615659,55.737953
19,37.569899,55.762272
20,37.663413,55.746122
21,37.662282,55.7844
22,37.589482,55.733705
23,37.636662,55.737309
24,37.586922,55.750048
25,37.573016,55.757881
26,37.652768,55.711316
27,37.633014,55.781215
28,37.65417,55.739645
29,37.661527,55.771059
30,37.633913,55.718441
31,24.743043,59.436496
32,37.556137,55.764389
33,37.665632,55.738779
34,24.015857,49.844209
35,37.651412,55.745382
36,37.645025,55.732514
37,37.679646,55.762931
38,37.623375,55.77835
39,37.567428,55.730005
40,37.592384,55.751041
41,37.586796,55.778193
42,37.621444,55.736579
43,37.61432,55.739362
44,37.641836,55.734506
45,37.576789,55.730847
46,37.580921,55.748199
47,37.607772,55.765387
48,37.653972,55.723922
49,37.588233,55.76919
50,37.551959,55.762409
51,37.64507,55.810471
52,37.517006,55.770446
53,37.654655,55.74076
54,37.668507,55.722532
55,37.597863,55.813167
56,37.566638,55.756148
57,37.65629,55.761305
58,37.552642,55.761325
59,37.615021,55.728464
60,37.556244,55.754481
61,37.600531,55.775905
62,37.57351,55.715084
63,37.644935,55.728844
64,37.599902,55.742605
65,37.581298,55.747485
66,37.53155,55.741404
67,37.632835,55.723283
68,37.60549,55.757404
69,37.609577,55.754568
70,24.742675,59.436468
71,37.561805,55.737086
72,49.310556,58.992265
73,37.555346,55.744171
74,37.602588,55.708506
75,37.674957,55.751305
76,37.527588,55.792589
77,37.681155,55.762166
78,37.673421,55.7844
79,37.66221,55.692861
80,37.6319,55.812373
81,37.581864,55.795798
82,37.683015,55.749466
83,37.578073,55.791587
84,37.549983,55.80608
85,37.62431,55.71446
86,37.506523,55.775094
87,37.533185,55.736174
88,37.659326,55.789628
89,37.736375,55.685107
90,37.628631,55.718877
91,37.5622,55.72529
92,37.663692,55.74001
93,37.619243,55.707847
94,37.59984,55.796223
95,37.603577,55.773793
96,37.620115,55.769737
97,37.610619,55.75896
98,37.594881,55.772046
99,37.612811,55.721072
100,37.749086,55.754096
101,37.670501,55.731024
102,37.584658,55.785341
103,37.494297,55.744683
104,37.47156,55.779084
105,37.600495,55.782309
106,37.580714,55.786748
107,37.52245,55.774583
108,37.62864,55.77912
109,37.542222,55.775965
110,37.665641,55.722953
111,37.740498,55.704047
112,37.525324,55.765716
113,37.510322,55.738024
114,37.505508,55.743517
115,37.636671,55.800595
116,37.641324,55.80269
117,37.70302,55.749552
118,37.72387,55.712589
119,37.581496,55.711655
120,37.680949,55.726294
121,37.694046,55.778345
122,37.595501,55.784698
123,37.627535,55.805579
124,37.651798,55.77231
125,37.548609,55.774745
126,37.670133,55.719789
127,37.697172,55.733234
128,37.422728,55.695002
129,37.594396,55.686391
130,37.50893,55.788368
131,37.692177,55.727511
132,37.541243,55.791602
133,37.484325,55.794502
134,37.502624,55.78932
135,37.595501,55.801976
136,37.554663,55.800878
137,37.567779,55.741804
138,37.6115,55.793429
139,37.530885,55.774107
140,37.544764,55.807319
141,37.540748,55.792108
142,37.606784,55.718334
143,37.616917,55.727531
144,37.610116,55.787902
145,37.598196,55.753564
146,37.602103,55.716808
147,37.715471,55.75322
148,37.601699,55.81434
149,37.537371,55.746593
150,37.654107,55.740188
151,37.737515,55.794953
152,37.694881,55.736356
153,37.667411,55.769864
154,37.497153,55.797787
155,37.709362,55.783119
156,37.466691,55.790722
157,37.771939,55.808634
158,37.615506,55.720525
159,37.587335,55.738591
160,37.599372,55.745843
161,37.645717,55.747277
162,37.522665,55.715576
163,37.628505,55.809343
164,37.665381,55.773413
165,37.756676,55.754578
166,37.6024,55.778137
167,37.671462,55.773849
168,37.613494,55.7396
169,37.670896,55.787229
170,37.457537,55.760408
171,37.621004,55.735211
172,37.741899,55.788717
173,37.57086,55.778021
174,37.621246,55.761335
175,37.612551,55.735839
176,37.645106,55.775834
177,37.40592,55.754
178,37.385412,55.814462
179,37.735395,55.757085
180,37.60355,55.809363
181,37.652616,55.81174
182,37.584146,55.735495
183,37.723717,55.703987
184,37.661266,55.754689
185,61.395888,55.273082
186,37.632305,55.756817
187,37.609029,55.799026
188,37.599669,55.779039
189,37.663315,55.7296
190,37.572082,55.781539
191,37.585341,55.736204
192,37.66601,55.748787
193,37.642384,55.763624
194,37.539078,55.747115
195,37.576789,55.726644
196,37.602391,55.780588
197,37.678703,55.761376
198,37.58499,55.778704
199,37.565901,55.727846
200,37.611706,55.739281
201,37.598268,55.755804
202,37.598303,55.742975
203,37.579151,55.753215
204,37.602184,55.737801
205,37.636958,55.731475
206,37.603424,55.770259
207,37.627175,55.762556
208,37.610826,55.766258
209,37.494,55.790782
210,37.603666,55.781261
211,37.58985,55.765792
212,37.585628,55.759268
213,37.632511,55.760925
214,37.696049,55.723415
215,37.598546,55.73846
216,37.595132,55.752217
217,37.621983,55.744936
218,37.641962,55.76877
219,37.632987,55.773322
220,37.709156,55.79556
221,37.534487,55.781879
222,37.580193,55.75824
223,37.67855,55.776659
224,37.622342,55.771297
225,37.534487,55.781879
226,37.580193,55.75824
227,37.67855,55.776659
228,37.622342,55.771297
229,37.622819,55.757931
230,37.653262,55.763331
231,37.570312,55.762505
232,37.744612,55.703251
233,37.608859,55.774026
234,37.632098,55.783478
235,37.625091,55.709236
236,37.660368,55.770785
237,37.533508,55.808827
238,37.573564,55.77791
239,37.686302,55.728925
240,37.626232,55.729366
241,37.697837,55.77876
242,37.607287,55.779914
243,37.547387,55.79055
244,37.540488,55.748143
245,37.654727,55.750864
246,37.695295,55.741176
247,42.05604,55.590017
248,37.408382,55.740563
249,37.580553,55.798389
250,42.05604,55.590017
251,37.408382,55.740563
252,37.580553,55.798389
253,37.621211,55.723328
254,37.631379,55.789892
255,37.529789,55.774143
256,37.637075,55.731947
257,37.699157,55.749516
258,37.589132,55.750864
259,37.576492,55.820015
260,37.531523,55.765225
261,37.611383,55.726761
262,37.628011,55.719232
263,37.495617,55.798115
264,24.66162,59.391486
265,37.708257,55.761543
266,37.563503,55.697295
267,37.671804,55.769195
268,37.564203,55.7056
269,37.617051,55.707872
270,37.628676,55.783914
271,37.645124,55.749476
272,37.539078,55.747115
273,37.568812,55.713334
274,37.762291,55.721488
275,37.64065,55.761619
276,37.501312,55.741759
277,37.59666,55.765002
278,37.652795,55.710215
279,37.697109,55.733148
280,37.741163,55.72126
281,37.631883,55.781134
282,37.606451,55.764612
283,37.632386,55.786956
284,37.672244,55.7213
285,37.466063,55.770897
286,37.611033,55.765417
287,37.593965,55.771575
288,37.51653,55.727572
289,37.590749,55.77119
290,37.610718,55.788019
291,37.631829,55.76486
292,37.6774,55.7759
293,37.60151,55.754836
294,37.656326,55.758904
295,37.625397,55.707735
296,37.689716,55.779585
297,37.656829,55.783625
298,37.713944,55.783488
299,37.567788,55.763584
300,37.529825,55.799077
301,37.713342,55.726269
302,37.602382,55.756123
303,37.726385,55.70461
304,37.595168,55.818655
305,37.626241,55.784789
306,37.676969,55.714713
307,37.613799,55.780816
308,37.62528,55.697711
309,37.704718,55.777267
310,37.599013,55.796764
311,37.574462,55.692754
312,56.244409,58.006264
313,37.687722,55.789795
314,37.613063,55.716859
315,37.71945,55.710864
316,37.699633,55.778335
317,37.627669,55.708536
318,37.581469,55.73815
319,37.561086,55.731242
320,37.69825,55.730259
321,37.62917,55.774036
322,37.609946,55.72888
323,37.628505,55.809343
324,37.614419,55.760434
325,37.527489,55.743228
326,37.520671,55.79848
327,37.51759,55.797159
328,37.520402,55.761148
329,37.582511,55.75783
330,37.510673,55.739129
331,37.698277,55.753534
332,37.641486,55.735185
333,37.64039,55.724449
334,37.632179,55.726568
335,37.631766,55.7828
336,37.63606,55.736873
337,37.653182,55.750504
338,37.787309,55.750104
339,37.627265,55.776289
340,37.760108,55.725306
341,37.608625,55.76761
342,37.682682,55.72598
343,37.514652,55.811068
344,37.595097,55.804521
345,37.656514,55.704002
346,37.571426,55.776365
347,37.662641,55.784055
348,37.672576,55.741931
349,37.398419,55.723379
350,37.657889,55.738313
351,37.738809,55.744272
352,37.621103,55.747895
353,37.600657,55.796577
354,37.697109,55.780284
355,37.570707,55.747991
356,37.480543,55.726446
357,37.520339,55.805791
358,37.546992,55.795277
359,37.623124,55.745265
360,37.617069,55.762237
361,37.570501,55.762085
362,37.609065,55.754755
363,37.710207,55.76599
364,37.672226,55.769833
365,37.679475,55.751685
366,37.658724,55.738987
367,37.533185,55.736174
368,37.677885,55.776117
369,37.704538,55.783286
370,37.549705,55.733685
371,37.56494,55.732747
372,37.603181,55.791456
373,37.605292,55.761477
374,37.541018,55.772578
375,37.595097,55.804521
376,37.554582,55.762622
377,37.657574,55.820349
378,37.663297,55.744363
379,37.67431,55.774269
380,37.627705,55.768972
381,37.58897,55.732241
382,37.645842,55.734689
383,37.526851,55.766283
384,37.562604,55.737836
385,37.528118,55.724697
386,37.626088,55.73475
387,37.625873,55.753625
388,37.661617,55.789036
389,37.559254,55.711321
390,44.512663,40.191057
391,37.668004,55.779074
392,37.630409,55.7267
393,37.633535,55.740654
394,37.649732,55.757273
395,37.582682,55.781433
396,37.651124,55.771282
397,37.60637,55.807481
398,37.586805,55.800312
399,37.526232,55.767003
400,37.721292,55.783605
401,37.679017,55.747834
402,37.642914,55.758412
403,37.601439,55.763376
404,37.635125,55.754223
405,37.527759,55.742154
406,37.62289,55.772213
407,37.718076,55.760874
408,37.597953,55.750479
409,37.66424,55.734501
410,37.6903,55.719754
411,37.654772,55.746841
412,37.600549,55.782886
413,37.627184,55.757977
414,37.698861,55.753843
415,74.606234,42.862265
416,37.757853,55.803135
417,37.455885,55.814689
418,37.681155,55.762166
419,37.67184,55.741865
420,37.610287,55.753098
421,37.617114,55.757131
422,37.628891,55.770041
423,37.654134,55.791167
424,37.502857,55.718035
425,37.676116,55.777186
426,37.597082,55.706568
427,37.596453,55.70391
428,37.617375,55.810597
429,37.725936,55.721062
430,37.75806,55.726431
431,37.638036,55.748387
432,37.715138,55.735647
433,37.520563,55.774512
434,37.621246,55.761335
435,37.624921,55.768329
436,37.645465,55.708658
437,37.616414,55.769509
438,37.655589,55.711285
439,27.480273,53.863975
440,37.708311,55.792792
441,37.60523,55.763559
442,37.636697,55.762176
443,37.749831,55.754036
444,37.622306,55.742407
445,37.641243,55.738505
446,37.755895,55.750358
447,37.679394,55.776527
448,37.567024,55.788692
449,37.618354,55.818877
450,37.645779,55.807031
451,37.577894,55.733482
452,37.630086,55.771059
453,37.617159,55.740629
454,37.785135,55.717776
455,37.660566,55.737806
456,37.456549,55.812039
457,37.587128,55.774563
458,37.63835,55.772436
459,37.454142,55.728581
460,37.645294,55.727658
461,37.67652,55.766734
462,37.662353,55.788338
463,37.676062,55.776512
464,37.5592,55.750788
465,37.566548,55.754922
466,37.527148,55.68973
467,37.799688,55.799821
468,37.712003,55.784101
469,37.656218,55.793657
470,37.498725,55.821573
471,37.601582,55.708415
472,37.700568,55.749076
473,37.599696,55.757926
474,37.624121,55.684473
475,37.744774,55.672417
476,37.755697,55.804122
477,37.585763,55.742853
478,37.545617,55.732164
479,37.625504,55.696001
480,37.683545,55.711356
481,37.52404,55.741429
482,37.712246,55.780436
483,36.222623,51.757926
484,37.696876,55.78077
485,37.634604,55.729741
486,37.69622,55.715221
487,37.627544,55.731445
488,37.566952,55.679433
489,37.58243,55.675555
490,37.607538,55.757339
491,37.524839,55.763224
492,37.626897,55.768233
493,37.598959,55.769428
494,37.674148,55.74373
495,37.61017,55.734091
496,37.607116,55.769292
497,37.624337,55.709683
498,37.56158,55.78609
499,37.635593,55.762444
500,37.600181,55.784516
501,37.533724,55.954758
502,37.632619,55.769514
503,37.783545,55.754644
504,37.64922,55.743694
505,37.676187,55.719384
506,37.732727,55.712
507,37.678056,55.757298
508,37.584353,55.799735
509,37.42562,55.747829
510,37.622899,55.770902
511,37.570501,55.762085
512,37.558948,55.802639
513,37.608643,55.765716
514,37.602759,55.792083
515,30.439512,50.494235
516,37.592644,55.7445
517,37.62183,55.733107
518,37.63111,55.721138
519,37.592545,55.747905
520,37.60072,55.720905
521,37.80064,55.79599
522,37.630697,55.726431
523,37.677238,55.709754
524,37.640614,55.775332
525,37.593668,55.81039
526,39.19708,51.66454
527,37.621741,55.727526
528,37.709901,55.784435
529,37.5546,55.76212
530,37.732422,55.731541
531,37.51052,55.788641
532,37.654295,55.770355
533,37.509236,55.755023
534,37.605256,55.771839
535,37.707781,55.788976
536,37.608086,55.723724
537,37.662785,55.692308
538,37.59683,55.762475
539,37.577094,55.743152
540,49.3137,58.988431
541,37.688575,55.707811
542,37.736375,55.686132
543,37.633374,55.805144
544,37.600846,55.741556
545,37.578487,55.783625
546,37.571381,55.778279
547,37.613602,55.771064
548,37.625504,55.77118
549,37.696139,55.778315
550,37.536922,55.796562
551,37.654035,55.755388
552,37.557825,55.762166
553,37.581173,55.791486
554,37.798484,55.800468
555,37.632996,55.729594
556,37.66176,55.718831
557,37.535466,55.748914
558,37.530912,55.671341
559,37.72926,55.788945
560,37.5971,55.717092
561,37.654457,55.745154
562,37.674121,55.777044
563,37.418515,55.712822
564,37.566871,55.805326
565,76.814697,43.246548
566,37.532592,55.799036
567,37.6062,55.718456
568,37.57236,55.785574
569,37.693785,55.814593
570,37.586104,55.734613
571,37.61556,55.736442
572,37.598968,55.781079
573,37.561365,55.804531
574,37.586149,55.7981
575,37.69313,55.779266
576,37.607152,55.798338
577,37.658248,55.698391
578,37.509083,55.810076
579,37.853416,55.678397
580,37.597055,55.750738
581,37.593264,55.770932
582,37.655149,55.723567
583,37.514805,55.815413
584,37.617384,55.764176
585,37.692824,55.794386
586,37.473842,55.796628
587,37.702796,55.722598
588,49.310448,58.991426
589,37.598627,55.78277
590,37.59613,55.755753
591,37.650675,55.772102
592,37.642644,55.67889
593,37.655239,55.751148
594,37.603532,55.771206
595,37.586446,55.751188
596,37.61309,55.767636
597,37.596246,55.70634
598,37.605768,55.779995
599,37.505894,55.675544
600,37.626735,55.691131
601,37.602588,55.708506
602,37.604484,55.76994
603,37.554304,55.680478
604,37.602517,55.745934
605,37.700424,55.795843
606,37.707943,55.793348
607,37.755015,55.725564
608,37.657997,55.76683
609,37.502471,55.82487
610,37.64922,55.743694
611,37.579771,55.763807
612,37.659245,55.746811
613,37.522046,55.818291
614,37.689932,55.735707
615,37.574857,55.815069
616,37.62978,55.770785
617,37.727005,55.71659
618,37.703586,55.782856
619,37.636662,55.763027
620,37.599022,55.742737
621,37.637389,55.754167
622,37.580041,55.698695
623,37.629107,55.746801
624,37.468739,55.67926
625,37.626502,55.708988
626,37.642734,55.804202
627,37.632287,55.678458
628,37.662668,55.691765
629,37.718372,55.799699
630,37.441817,55.685802
631,37.64949,55.761614
632,37.727688,55.81084
633,37.598528,55.781398
634,37.640075,55.766101
635,37.585745,55.735013
636,37.586589,55.739225
637,37.723367,55.782623
638,37.812974,55.818255
639,37.658383,55.753909
640,37.702409,55.723749
641,37.659712,55.761254
642,37.601609,55.719404
643,37.558625,55.767995
644,37.737309,55.730365
645,37.602292,55.776765
646,37.562308,55.796046
647,37.619432,55.70701
648,37.630769,55.772401
649,37.708949,55.785341
650,37.587182,55.77314
651,37.625397,55.707735
652,37.645923,55.769013
653,44.514038,40.190196
654,37.630535,55.74413
655,37.640857,55.801445
656,37.617779,55.774725
657,37.626547,55.765007
658,30.457353,50.526749
659,37.587614,55.735626
660,37.582251,55.803924
661,37.715911,55.782927
662,37.695169,55.792321
663,37.72387,55.712589
664,37.488943,55.694079
665,37.626484,55.781023
666,37.696067,55.711148
667,37.586922,55.779064
668,37.632053,55.762434
669,37.603235,55.791972
670,56.244409,58.006264
671,37.547692,55.730999
672,37.748619,55.791744
673,37.595321,55.709155
674,37.586634,55.73515
675,37.611446,55.80737
676,37.585134,55.804359
677,37.498564,55.773251
678,37.682206,55.716042
679,37.604071,55.812879
680,37.537083,55.749511
681,37.619423,55.728981
682,37.641836,55.734506
683,37.630122,55.679133
684,37.706173,55.785554
685,37.554169,55.683787
686,37.631694,55.738799
687,37.594288,55.766364
688,37.571013,55.826342
689,37.751691,55.761639
690,37.688431,55.790362
691,37.583445,55.804218
692,37.594387,55.798611
693,37.695429,55.730527
694,37.770439,55.750064
695,37.503459,55.674585
696,37.600666,55.772188
697,37.734632,55.761371
698,37.700568,55.796774
699,37.50734,55.739559
700,37.545932,55.774274
701,37.638512,55.769378
702,37.709982,55.789887
703,37.650469,55.766815
704,37.48402,55.785665
705,37.63076,55.776897
706,37.591611,55.769575
707,37.619468,55.773013
708,37.545087,55.793627
709,37.643776,55.804683
710,37.410556,55.829067
711,37.501384,55.824602
712,37.781317,55.800732
713,37.690354,55.780289
714,37.657763,55.747019
715,37.64065,55.761619
716,37.509173,55.741434
717,37.619486,55.815782
718,37.635916,55.730213
719,37.645753,55.731348
720,37.582861,55.802184
721,37.64127,55.75786
722,37.603002,55.706315
723,37.506253,55.809884
724,37.693857,55.797842
725,37.654727,55.750864
726,30.280852,60.023776
727,37.664321,55.76915
728,37.512955,55.809176
729,37.624822,55.762267
730,37.509451,55.677428
731,37.662371,55.695611
732,37.561482,55.722903
733,37.571641,55.764729
734,37.548204,55.752637
735,37.4402,55.686629
736,37.675029,55.770826
737,37.42138,55.770568
738,37.644773,55.767904
739,37.382106,55.70882
740,37.625136,55.770765
741,37.503594,55.824172
742,37.638674,55.721843
743,37.682592,55.746405
744,37.569009,55.729483
745,37.621489,55.77676
746,37.598681,55.774406
747,37.676241,55.775454
748,37.607898,55.748584
749,37.421138,55.71128
750,37.618686,55.706107
751,23.966692,49.860234
752,37.6304,55.729655
753,37.687659,55.772689
754,37.727086,55.721295
755,37.617114,55.757131
756,37.583742,55.802953
757,37.691144,55.779889
758,37.643794,55.724277
759,37.520734,55.807815
760,37.588341,55.734719
761,37.662021,55.6945
762,37.728002,55.821391
763,37.635835,55.765311
764,37.708715,55.780988
765,37.381899,55.712127
766,37.656559,55.747601
767,37.604574,55.775479
768,37.588521,55.807193
769,37.594423,55.737583
770,37.692752,55.778492
771,30.212975,59.846915
772,37.61194,55.739559
773,37.594584,55.800448
774,37.781623,55.794269
775,37.583553,55.748326
776,37.532143,55.669747
777,37.498896,55.789709
778,37.523743,55.742306
779,37.628828,55.729848
780,37.638647,55.769018
781,37.566036,55.795155
782,37.654601,55.710124
783,37.627598,55.768091
784,37.650262,55.756462
785,37.68314,55.772375
786,37.730401,55.738409
787,37.631595,55.746324
788,37.568722,55.806919
789,37.654017,55.712315
790,37.70196,55.785701
791,37.647352,55.816728
792,37.545267,55.744526
793,83.523765,50.350582
794,37.586688,55.794846
795,37.559883,55.793227
796,37.663081,55.73441
797,37.78456,55.740147
798,37.60302,55.775535
799,37.573294,55.814492
800,37.642051,55.784126
801,37.62819,55.730634
802,37.677652,55.777343
803,37.526968,55.740198
804,37.645321,55.761913
805,76.931155,43.185873
806,37.597809,55.704808
807,37.70302,55.749552
808,37.684892,55.730933
809,37.718309,55.736093
810,30.382963,59.882519
811,37.502283,55.67325
812,37.692447,55.777287
813,37.587317,55.735398
814,37.429303,55.824309
815,37.642213,55.765812
816,37.598825,55.778796
817,37.546614,55.669463
818,37.590398,55.754927
819,37.807297,55.791486
820,27.481207,53.864947
821,37.616333,55.774922
822,37.686581,55.729696
823,37.487568,55.777373
824,37.511131,55.678747
825,37.72467,55.753433
826,37.600244,55.741642
827,37.442302,55.709444
828,37.624391,55.788474
829,37.704718,55.777267
830,37.636437,55.757592
831,37.454869,55.778021
832,37.622944,55.764891
833,37.615255,55.698695
834,37.622729,55.692389
835,37.609604,55.765696
836,37.646013,55.715418
837,37.777023,55.718405
838,37.732494,55.787832
839,37.587389,55.739671
840,37.630858,55.729077
841,37.76168,55.7282
842,37.721615,55.78648
843,38.402916,55.57835
844,37.645025,55.753027
845,37.625397,55.701029
846,37.756542,55.684412
847,37.591503,55.694368
848,23.966692,49.860234
849,37.654493,55.723699
850,37.681613,55.740644
851,37.602705,55.791223
852,37.538305,55.771287
853,37.526528,55.817122
854,37.669369,55.769185
855,37.650532,55.765909
856,37.634272,55.814143
857,37.533679,55.732504
858,37.589195,55.68126
859,37.602939,55.809874
860,37.636868,55.802487
861,37.497746,55.821386
862,37.637084,55.76723
863,37.52095,55.811265
864,37.730904,55.783488
865,37.598825,55.70742
866,37.669944,55.769038
867,37.54188,55.748422
868,37.663898,55.746745
869,37.500881,55.825558
870,37.516925,55.80694
871,37.553271,55.790352
872,37.722882,55.800362
873,37.590533,55.769854
874,37.514688,55.811128
875,37.71389,55.800792
876,32.072236,49.662656
877,37.693947,55.815276
878,37.504681,55.806525
879,37.590901,55.765412
880,37.620779,55.705285
881,37.62201,55.69386
882,37.611796,55.705676
883,76.018997,41.423617
884,37.76672,55.749912
885,37.642078,55.708851
886,37.637542,55.800823
887,37.721292,55.713441
888,37.635269,55.727967
889,37.700954,55.796273
890,37.631505,55.772335
891,37.738225,55.742509
892,37.606451,55.779165
893,74.607213,42.861234
894,37.661913,55.682651
895,37.47421,55.670696
896,37.672244,55.772406
897,37.519737,55.671747
898,37.651574,55.680615
899,37.633805,55.670519
900,37.719405,55.758711
901,37.781955,55.788606
902,37.550226,55.803611
903,37.691854,55.680275
904,37.729053,55.736838
905,37.645402,55.729224
906,37.605921,55.791941
907,37.539527,55.750479
908,37.408382,55.740563
909,37.646121,55.730238
910,37.625594,55.699467
911,37.563584,55.799679
912,37.601232,55.73848
913,37.560727,55.784106
914,37.796364,55.745559
915,37.657116,55.743811
916,37.532098,55.765346
917,37.621669,55.700481
918,37.653694,55.826584
919,37.595123,55.748113
920,37.532358,55.774224
921,37.603002,55.706315
922,37.707476,55.784724
923,37.647298,55.761558
924,37.583158,55.785093
925,37.768983,55.731359
926,37.590901,55.765412
927,37.718175,55.761695
928,37.607664,55.764759
929,37.591351,55.70354
930,37.71945,55.710864
931,37.703999,55.760621
932,37.621947,55.684503
933,37.803757,55.795767
934,37.621669,55.700481
935,37.62908,55.769757
936,37.646588,55.757303
937,37.432196,55.754385
938,37.619899,55.823393
939,37.6456,55.756386
940,37.710135,55.719227
941,37.618974,55.676585
942,37.748331,55.790433
943,37.664608,55.785407
944,37.605256,55.771839
945,37.536526,55.750535
946,37.686689,55.770613
947,37.694342,55.77718
948,37.556155,55.805771
949,37.66274,55.695022
950,37.662282,55.7844
951,37.528819,55.815878
952,37.586311,55.739737
953,37.580894,55.781626
954,37.719172,55.767256
955,37.648789,55.721498
956,37.404043,55.720038
957,37.632098,55.780319
958,37.654763,55.711214
959,37.624391,55.788474
960,37.617824,55.774016
961,37.580256,55.777829
962,37.433355,55.826286
963,37.599849,55.764799
964,37.659353,55.754284
965,37.390775,55.794229
966,37.694926,55.813283
967,37.606397,55.706847
968,37.622342,55.771297
969,37.656272,55.810101
970,37.691603,55.706528
971,37.697837,55.77876
972,37.634955,55.743999
973,37.650747,55.721858
974,37.656613,55.708496
975,37.622001,55.699999
976,37.651753,55.747622
977,37.586347,55.772193
978,37.700568,55.796774
979,37.388762,55.722172
980,37.749831,55.754036
981,37.518758,55.671057
982,37.654466,55.787958
983,37.609029,55.773783
984,37.737731,55.777586
985,37.695879,55.713669
986,37.647217,55.710169
987,37.471407,55.710048
988,37.568443,55.735221
989,37.644477,55.71271
990,37.539078,55.747115
991,37.730356,55.7381
992,37.600666,55.772188
993,37.583841,55.80614
994,37.549983,55.80608
995,37.622306,55.696971
996,37.622792,55.701166
997,37.392383,55.814052
998,37.799697,55.746061
999,37.698861,55.753843
1000,37.659551,55.827231
1001,37.774463,55.720722
1002,37.645231,55.732945
1003,37.675478,55.76601
1004,37.641539,55.730897
1005,37.627229,55.770051
1006,37.766594,55.702931
1007,37.643129,55.739914
1008,37.647477,55.817542
1009,37.550333,55.679605
1010,37.587308,55.780284
1011,37.834516,55.812818
1012,37.771786,55.752572
1013,37.641539,55.730897
