,longitude,latitude
0,49.31308,58.989201
1,37.632305,55.756817
2,37.618713,55.796279
3,37.648834,55.776077
4,37.633239,55.760499
5,37.661177,55.762297
6,37.593003,55.763052
7,37.630544,55.766532
8,37.668606,55.707471
9,37.64198,55.752668
10,37.638341,55.731901
11,37.603541,55.755145
12,37.626493,55.707491
13,37.605625,55.767955
14,37.497378,55.790195
15,37.601609,55.774867
16,37.622783,55.76057
17,37.579744,55.690654
18,37.707476,55.784724
19,39.884767,57.627166
20,37.595402,55.768264
21,37.609092,55.771585
22,37.605688,55.763432
23,37.610395,55.764521
24,37.613817,55.782962
25,37.552184,55.793024
26,37.587757,55.757845
27,37.636554,55.726239
28,37.640488,55.743634
29,37.673097,55.718015
30,37.512955,55.809176
31,37.55778,55.761619
32,37.642069,55.805321
33,37.554457,55.693992
34,37.66229,55.747936
35,37.67996,55.758245
36,37.597279,55.772072
37,37.594405,55.748939
38,37.633733,55.743497
39,37.689959,55.741667
40,37.580086,55.740345
41,37.635611,55.765063
42,37.639743,55.738384
43,37.599876,55.766228
44,37.554888,55.776826
45,30.43485,50.451674
46,37.561446,55.727029
47,37.644746,55.768248
48,49.31308,58.989201
49,37.622783,55.76057
50,37.634982,55.765924
51,37.600262,55.766187
52,30.43485,50.451674
53,37.748071,55.694063
54,37.615407,55.760064
55,37.637219,55.78114
56,37.733204,55.707953
57,49.31308,58.989201
58,37.581523,55.747024
59,37.519674,55.818776
60,37.637138,55.724003
61,37.563943,55.75554
62,37.625828,55.762308
63,76.895375,43.265681
64,37.632969,55.761345
65,30.317808,59.930561
66,37.567896,55.783807
67,27.524389,53.912346
68,37.648834,55.776077
69,37.516,55.803985
70,37.586203,55.756832
71,37.595941,55.768765
72,37.604241,55.766147
73,37.618039,55.764171
74,37.601439,55.763376
75,37.636428,55.787751
76,37.586922,55.768841
77,37.620258,55.787751
78,37.664114,55.771697
79,37.610826,55.766258
80,37.599202,55.757024
81,37.616009,55.770335
82,37.621175,55.7289
83,37.614635,55.771418
84,37.622783,55.76057
85,37.623322,55.75823
86,37.664096,55.74107
87,37.630086,55.771059
88,37.567851,55.724216
89,37.623375,55.77835
90,37.641423,55.756386
91,37.597531,55.790539
92,37.546938,55.743907
93,37.576618,55.749167
94,37.563476,55.721894
95,37.617761,55.793971
96,37.59339,55.78197
97,37.602364,55.780785
98,37.499633,55.741287
99,37.660727,55.769585
100,37.592815,55.749025
101,30.43485,50.451674
102,37.622235,55.771753
103,37.570123,55.760175
104,37.61291,55.728469
105,37.569809,55.719749
106,37.579645,55.726877
107,37.575729,55.76169
108,37.687327,55.791238
109,37.614294,55.761355
110,37.628729,55.777788
111,37.641423,55.756386
112,37.653164,55.756812
113,38.027923,57.323462
114,32.650176,46.649271
115,37.582179,55.749435
116,37.641027,55.758544
117,37.651933,55.74446
118,37.588278,55.762541
119,30.322049,59.932509
120,37.622783,55.76057
121,37.60805,55.76446
122,37.5766,55.716108
123,37.632062,55.747743
124,37.615416,55.764121
125,37.599408,55.782552
126,37.605688,55.789983
127,37.601277,55.754274
128,37.591045,55.721757
129,37.600648,55.744901
130,37.591045,55.721757
131,37.662686,55.743188
132,37.641773,55.837151
133,37.529358,55.781813
134,37.640488,55.743634
135,37.630185,55.802821
136,37.614437,55.774613
137,39.404654,48.648256
138,37.566072,55.744632
139,37.649139,55.778234
140,37.58667,55.708607
141,37.742941,55.791825
142,37.653424,55.766516
143,37.630185,55.802821
144,37.678289,55.766562
145,37.540533,55.689781
146,37.60558,55.763513
147,37.509092,55.710951
148,37.596058,55.75861
149,37.643327,55.756194
150,37.654107,55.740188
151,37.616027,55.761674
152,37.577121,55.753661
153,37.586248,55.748675
154,49.31308,58.989201
155,37.620204,55.816278
156,37.560727,55.784106
157,37.673744,55.782122
158,37.702796,55.722598
159,37.59648,55.756721
160,37.614024,55.766228
161,37.636096,55.734836
162,37.733895,55.790372
163,37.59339,55.76721
164,37.61715,55.760484
165,37.644252,55.776451
166,37.660458,55.740745
167,37.659658,55.738409
168,37.610215,55.766071
169,37.624651,55.760195
170,37.540488,55.748143
171,37.549489,55.740487
172,37.60284,55.758965
173,37.610979,55.766699
174,37.57342,55.730745
175,37.586994,55.744287
176,37.644351,55.766202
177,37.560727,55.784106
178,37.633688,55.746836
179,37.630248,55.767646
180,37.59171,55.772867
181,37.591701,55.74938
182,37.626717,55.722882
183,37.567186,55.783134
184,37.735845,55.730689
185,37.592815,55.749025
186,37.591701,55.74938
187,37.663288,55.766734
188,37.66927,55.795423
189,37.689716,55.779585
190,42.135011,57.474233
191,37.65885,55.775175
192,37.617815,55.831479
193,37.665156,55.831903
194,37.657907,55.714414
195,37.610979,55.766699
196,37.6244,55.770512
197,37.551699,55.753787
198,37.653864,55.743178
199,37.609254,55.740654
200,37.579681,55.717873
201,37.594683,55.763938
202,37.591045,55.721757
203,37.622235,55.771753
204,37.490578,55.693906
205,37.715911,55.782927
206,37.570815,55.784597
207,37.651933,55.74446
208,37.642069,55.805321
209,37.59348,55.78651
210,37.53128,55.790231
211,37.630346,55.734374
212,37.592213,55.755794
213,37.647504,55.761345
214,37.614689,55.824941
215,37.597181,55.776851
216,37.598295,55.765235
217,37.649876,55.812272
218,37.692725,55.722325
219,37.467778,55.802599
220,37.738333,55.708212
221,37.652912,55.757242
222,37.767106,55.708075
223,37.675469,55.74484
224,37.620995,55.766906
225,37.59339,55.76721
226,37.591701,55.74938
227,37.678748,55.770552
228,37.591701,55.74938
229,37.530822,55.702952
230,37.595941,55.768765
231,37.604035,55.769732
232,37.537092,55.798961
233,37.490281,55.74677
234,37.657907,55.714414
235,37.687785,55.770466
236,37.675469,55.74484
237,37.605364,55.75785
238,37.554457,55.703038
239,30.427708,59.833841
240,49.31308,58.989201
241,37.590192,55.753494
242,37.588054,55.742367
243,37.715381,55.750849
244,37.588521,55.807193
245,37.641512,55.752734
246,37.539015,55.772097
247,37.567042,55.720585
248,37.600873,55.82888
249,37.684209,55.732661
250,37.575028,55.757531
251,37.6706,55.729483
252,37.61114,55.734527
253,37.570384,55.733406
254,37.602948,55.7571
255,37.710413,55.796359
256,37.479915,55.78363
257,37.710377,55.78075
258,37.651933,55.74446
259,37.672962,55.723582
260,37.49851,55.741095
261,37.73518,55.760793
262,37.630948,55.831989
263,37.684209,55.732661
264,37.605643,55.719394
265,37.595483,55.740664
266,37.675613,55.755525
267,37.59507,55.763705
268,37.567186,55.783134
269,37.545267,55.744526
270,68.204453,43.301021
271,37.639994,55.733204
272,37.492212,55.788449
273,37.658814,55.759147
274,37.601735,55.729944
275,37.482223,55.790772
276,37.504322,55.748458
277,37.673322,55.795484
278,37.570815,55.784597
279,37.599552,55.759886
280,37.684209,55.732661
281,37.540695,55.748057
282,37.575702,55.689791
283,37.677005,55.771266
284,37.64913,55.809621
285,37.657907,55.714414
286,37.668893,55.696752
287,37.693857,55.736691
288,37.601627,55.719034
289,37.749131,55.688522
290,37.633302,55.808047
291,37.62563,55.723014
292,37.60284,55.758965
293,37.656263,55.714602
294,44.513678,40.190051
295,37.633958,55.802629
296,37.580831,55.689999
297,37.599319,55.766288
298,72.808535,40.504244
299,37.656613,55.708496
300,37.529097,55.839679
301,37.6751,55.710687
302,37.687327,55.791238
303,37.684209,55.732661
304,37.709775,55.776021
305,37.59295,55.688071
306,37.651933,55.74446
307,24.22803,56.970545
308,37.533849,55.838819
309,37.591045,55.721757
310,37.749131,55.688522
311,37.490497,55.83566
312,37.673457,55.725514
313,37.763081,55.791309
314,37.674579,55.694358
