,longitude,latitude
0,37.549768,55.64828
1,37.541467,55.8998
2,37.617635,55.755814
3,37.716944,55.746679
4,37.623986,55.678047
5,37.54003,55.799077
6,37.740785,55.70042
7,37.725873,55.754801
8,37.736554,55.702815
9,37.59321,55.739052
10,37.595177,55.778461
11,37.817645,55.714075
12,37.603487,55.75476
13,37.530822,55.702952
14,37.630697,55.77191
15,37.626124,55.739301
16,37.623798,55.763579
17,37.542222,55.775965
18,37.60611,55.76169
19,37.603487,55.75476
20,37.583077,55.759557
21,37.640381,55.759512
22,37.631092,55.790216
23,37.634775,55.81911
24,37.592132,55.783554
25,37.682458,55.762581
26,37.612919,55.761452
27,37.603487,55.75476
28,37.629762,55.73702
29,37.6069,55.727136
30,37.637084,55.756016
31,37.652292,55.721184
32,37.601079,55.743573
33,37.593453,55.780927
34,37.603487,55.75476
35,37.591782,55.755566
36,37.609065,55.720134
37,37.630697,55.77191
38,37.603487,55.75476
39,37.624238,55.775641
40,37.59321,55.739052
41,37.58738,55.762637
42,37.486823,55.67228
43,37.591764,55.755945
44,37.634524,55.759233
45,37.67095,55.751959
46,37.593956,55.776462
47,37.630697,55.77191
48,37.595456,55.739103
49,37.637596,55.745605
50,37.637596,55.745605
51,37.630697,55.77191
52,37.618713,55.796279
53,37.652059,55.756812
54,37.638126,55.780588
55,37.637596,55.745605
56,37.602903,55.726543
57,37.638162,55.743426
58,37.59153,55.733102
59,37.661374,55.764146
60,37.637533,55.744916
61,37.645124,55.774619
62,37.637596,55.745605
63,37.645124,55.774619
64,37.654457,55.745154
65,37.537137,55.68263
66,37.63703,55.759603
67,37.626717,55.755029
68,37.613593,55.767311
69,37.595456,55.739103
70,37.598034,55.740897
71,37.61141,55.756189
72,37.68632,55.861722
73,37.632215,55.769666
74,37.630697,55.77191
75,37.632673,55.761695
76,37.539078,55.747115
77,37.662039,55.763488
78,37.586491,55.730112
79,37.554636,55.763386
80,37.595456,55.739103
81,37.611643,55.707547
82,37.567572,55.771454
83,37.63933,55.769135
84,37.59321,55.739052
85,37.621166,55.760358
86,37.637596,55.745605
87,37.663961,55.735778
88,37.593983,55.738759
89,37.598079,55.737193
90,37.632368,55.728707
91,37.598034,55.740897
92,37.48817,55.672077
93,37.593983,55.738759
94,37.580553,55.763645
95,37.58915,55.755844
96,37.593983,55.738759
97,37.608679,55.784638
98,37.559963,55.514386
99,37.624238,55.775641
100,37.644773,55.753554
101,37.682458,55.762581
102,37.654933,55.700278
103,37.525145,55.749522
104,37.666432,55.707314
105,37.682458,55.762581
106,37.654457,55.745154
107,37.662039,55.763488
108,37.645411,55.775545
109,37.645124,55.774619
110,37.662039,55.763488
111,37.555193,55.744799
112,37.569773,55.677443
113,37.602337,55.720362
114,37.611643,55.707547
115,37.621579,55.775353
116,37.551367,55.777672
117,37.658239,55.745833
118,37.595555,55.779023
119,37.573806,55.728312
120,37.565838,55.697564
121,37.591782,55.755566
122,37.662039,55.763488
123,37.525145,55.749522
124,37.57183,55.70212
125,37.712075,55.755297
126,37.651565,55.74221
127,37.6956,55.812752
128,37.554978,55.834967
129,37.600765,55.719901
130,37.663961,55.735778
131,37.600765,55.719901
132,37.602337,55.720362
133,37.631092,55.790216
134,37.605984,55.790499
135,37.630858,55.729077
136,37.523851,55.749349
137,37.489068,55.671021
138,37.60461,55.790135
139,37.532313,55.8375
140,37.58517,55.762014
141,37.61989,55.769357
142,37.607538,55.757339
143,37.594513,55.767276
144,37.704817,55.753635
145,37.633194,55.770785
146,37.57077,55.782
147,37.609074,55.787913
148,37.610548,55.754279
149,37.675388,55.763138
150,37.567734,55.708699
151,37.570968,55.730725
152,37.555005,55.781691
153,37.714339,55.755414
154,37.650424,55.825249
155,37.627696,55.727268
156,37.498267,55.807405
157,37.666432,55.707314
158,37.605194,55.789051
159,37.775882,55.806732
160,37.623519,55.72779
161,37.638126,55.780588
162,37.520545,55.75205
163,37.559694,55.809236
164,37.520518,55.752865
165,37.600765,55.719901
166,37.564383,55.694769
167,37.525612,55.801369
168,37.594674,55.77751
169,37.64348,55.833602
170,37.609541,55.722862
171,37.620097,55.798207
172,37.610548,55.754279
173,37.601798,55.754345
174,37.617033,55.771317
175,37.719244,55.7836
176,37.506424,55.84302
177,37.813594,55.729625
178,37.621202,55.656539
179,37.472926,55.89505
180,37.719953,55.780006
181,37.523716,55.748858
182,37.525145,55.749522
183,37.625478,55.702353
184,37.747307,55.696088
185,37.520518,55.752865
186,37.7593,55.823019
187,37.631092,55.790216
188,37.551977,55.782537
189,37.576385,55.677636
190,37.58517,55.762014
191,37.535377,55.80744
192,37.622342,55.763609
193,37.580193,55.75824
194,37.674085,55.743066
195,37.609038,55.73256
196,37.540892,55.805776
197,37.708149,55.755783
198,37.612668,55.756472
199,37.556685,55.74301
200,37.490793,55.646706
201,37.729691,55.787943
202,37.505463,55.848286
203,37.59189,55.684122
204,37.666432,55.707314
205,37.56998,55.70455
206,37.663288,55.766734
207,37.545096,55.739113
208,37.793579,55.698604
209,37.649948,55.825674
210,37.600774,55.719227
211,37.684811,55.76404
212,37.682458,55.762581
213,37.711815,55.755444
214,37.582296,55.732327
215,37.572064,55.698482
216,37.565183,55.832839
217,37.682053,55.764901
218,37.593273,55.789461
219,37.700819,55.793288
220,37.670097,55.751518
221,37.58517,55.760768
222,37.607924,55.757222
223,37.536643,55.757318
224,37.599175,55.755429
225,37.610548,55.754279
226,37.601798,55.754345
227,37.617033,55.771317
228,37.58517,55.762014
229,37.535377,55.80744
230,37.622342,55.763609
231,37.580193,55.75824
232,37.674085,55.743066
233,37.609038,55.73256
234,37.540892,55.805776
235,37.708149,55.755783
236,37.612668,55.756472
237,37.556685,55.74301
238,37.593273,55.789461
239,37.700819,55.793288
240,37.670097,55.751518
241,37.58517,55.760768
242,37.607924,55.757222
243,37.536643,55.757318
244,37.599175,55.755429
245,37.627696,55.727268
246,37.49833,55.750327
247,37.572737,55.731617
248,37.608005,55.783104
249,37.60611,55.76169
250,37.58517,55.762014
251,37.535377,55.80744
252,37.622342,55.763609
253,37.580193,55.75824
254,37.674085,55.743066
255,37.609038,55.73256
256,37.540892,55.805776
257,37.708149,55.755783
258,37.612668,55.756472
259,37.556685,55.74301
260,37.593273,55.789461
261,37.700819,55.793288
262,37.670097,55.751518
263,37.58517,55.760768
264,37.607924,55.757222
265,37.536643,55.757318
266,37.599175,55.755429
267,37.627696,55.727268
268,37.49833,55.750327
269,37.572737,55.731617
270,37.608005,55.783104
271,37.60611,55.76169
272,37.550298,55.832545
273,37.576241,55.732291
274,37.633446,55.762338
275,37.708149,55.755783
276,37.612668,55.756472
277,37.556685,55.74301
278,37.593273,55.789461
279,37.700819,55.793288
280,37.670097,55.751518
281,37.58517,55.760768
282,37.607924,55.757222
283,37.536643,55.757318
284,37.599175,55.755429
285,37.627696,55.727268
286,37.49833,55.750327
287,37.572737,55.731617
288,37.608005,55.783104
289,37.60611,55.76169
290,37.550298,55.832545
291,37.576241,55.732291
292,37.633446,55.762338
293,37.574875,55.727668
294,37.530624,55.799568
295,37.655104,55.85914
296,37.63517,55.728358
297,37.712003,55.784101
298,37.609461,55.728287
299,37.601115,55.768659
300,37.556685,55.74301
301,37.593273,55.789461
302,37.700819,55.793288
303,37.670097,55.751518
304,37.58517,55.760768
305,37.607924,55.757222
306,37.536643,55.757318
307,37.599175,55.755429
308,37.627696,55.727268
309,37.49833,55.750327
310,37.572737,55.731617
311,37.608005,55.783104
312,37.60611,55.76169
313,37.550298,55.832545
314,37.576241,55.732291
315,37.633446,55.762338
316,37.574875,55.727668
317,37.530624,55.799568
318,37.655104,55.85914
319,37.63517,55.728358
320,37.712003,55.784101
321,37.609461,55.728287
322,37.601115,55.768659
323,37.711509,55.781291
324,37.602328,55.767722
325,37.58517,55.760768
326,37.607924,55.757222
327,37.536643,55.757318
328,37.599175,55.755429
329,37.627696,55.727268
330,37.49833,55.750327
331,37.572737,55.731617
332,37.608005,55.783104
333,37.60611,55.76169
334,37.550298,55.832545
335,37.576241,55.732291
336,37.633446,55.762338
337,37.574875,55.727668
338,37.530624,55.799568
339,37.655104,55.85914
340,37.63517,55.728358
341,37.712003,55.784101
342,37.609461,55.728287
343,37.601115,55.768659
344,37.711509,55.781291
345,37.602328,55.767722
346,37.646399,55.801055
347,37.566225,55.764161
348,37.616234,55.806439
349,37.614761,55.772482
350,37.536643,55.757318
351,37.599175,55.755429
352,37.627696,55.727268
353,37.675181,55.753174
354,37.49833,55.750327
355,37.572737,55.731617
356,37.608005,55.783104
357,37.60611,55.76169
358,37.550298,55.832545
359,37.576241,55.732291
360,37.633446,55.762338
361,37.574875,55.727668
362,37.530624,55.799568
363,37.655104,55.85914
364,37.63517,55.728358
365,37.712003,55.784101
366,37.609461,55.728287
367,37.601115,55.768659
368,37.711509,55.781291
369,37.602328,55.767722
370,37.646399,55.801055
371,37.566225,55.764161
372,37.616234,55.806439
373,37.614761,55.772482
374,37.614689,55.804268
375,37.593273,55.789461
376,37.700819,55.793288
377,37.670097,55.751518
378,37.58517,55.760768
379,37.607924,55.757222
380,37.536643,55.757318
381,37.599175,55.755429
382,37.627696,55.727268
383,37.675181,55.753174
384,37.49833,55.750327
385,37.572737,55.731617
386,37.608005,55.783104
387,37.60611,55.76169
388,37.550298,55.832545
389,37.576241,55.732291
390,37.633446,55.762338
391,37.574875,55.727668
392,37.613575,55.761664
393,37.530624,55.799568
394,37.655104,55.85914
395,37.63517,55.728358
396,37.712003,55.784101
397,37.609461,55.728287
398,37.601115,55.768659
399,37.711509,55.781291
400,37.675181,55.753174
401,37.49833,55.750327
402,37.572737,55.731617
403,37.608005,55.783104
404,37.60611,55.76169
405,37.550298,55.832545
406,37.576241,55.732291
407,37.633446,55.762338
408,37.574875,55.727668
409,37.613575,55.761664
410,37.530624,55.799568
411,37.655104,55.85914
412,37.63517,55.728358
413,37.712003,55.784101
414,37.609461,55.728287
415,37.601115,55.768659
416,37.711509,55.781291
417,37.602328,55.767722
418,37.646399,55.801055
419,37.566225,55.764161
420,37.616234,55.806439
421,37.614761,55.772482
422,37.614689,55.804268
423,37.641602,55.817092
424,37.614437,55.772948
425,37.608005,55.783104
426,37.60611,55.76169
427,37.550298,55.832545
428,37.576241,55.732291
429,37.633446,55.762338
430,37.574875,55.727668
431,37.613575,55.761664
432,37.530624,55.799568
433,37.655104,55.85914
434,37.63517,55.728358
435,37.712003,55.784101
436,37.609461,55.728287
437,37.601115,55.768659
438,37.711509,55.781291
439,37.676116,55.763731
440,37.674921,55.859271
441,37.602328,55.767722
442,37.646399,55.801055
443,37.566225,55.764161
444,37.616234,55.806439
445,37.614761,55.772482
446,37.614689,55.804268
447,37.641602,55.817092
448,37.614437,55.772948
449,37.600765,55.719901
450,37.550298,55.832545
451,37.576241,55.732291
452,37.633446,55.762338
453,37.574875,55.727668
454,37.613575,55.761664
455,37.530624,55.799568
456,37.655104,55.85914
457,37.63517,55.728358
458,37.712003,55.784101
459,37.609461,55.728287
460,37.601115,55.768659
461,37.711509,55.781291
462,37.676116,55.763731
463,37.674921,55.859271
464,37.602328,55.767722
465,37.646399,55.801055
466,37.566225,55.764161
467,37.616234,55.806439
468,37.614761,55.772482
469,37.614689,55.804268
470,37.641602,55.817092
471,37.614437,55.772948
472,37.600765,55.719901
473,37.622459,55.757384
474,37.455804,55.729169
475,37.633446,55.762338
476,37.574875,55.727668
477,37.613575,55.761664
478,37.530624,55.799568
479,37.655104,55.85914
480,37.63517,55.728358
481,37.712003,55.784101
482,37.609461,55.728287
483,37.601115,55.768659
484,37.711509,55.781291
485,37.676116,55.763731
486,37.674921,55.859271
487,37.602328,55.767722
488,37.646399,55.801055
489,37.566225,55.764161
490,37.616234,55.806439
491,37.614761,55.772482
492,37.614689,55.804268
493,37.641602,55.817092
494,37.614437,55.772948
495,37.600765,55.719901
496,37.622459,55.757384
497,37.455804,55.729169
498,37.586024,55.762095
499,37.817448,55.712371
500,37.601115,55.768659
501,37.711509,55.781291
502,37.676116,55.763731
503,37.674921,55.859271
504,37.602328,55.767722
505,37.646399,55.801055
506,37.566225,55.764161
507,37.616234,55.806439
508,37.614761,55.772482
509,37.614689,55.804268
510,37.641602,55.817092
511,37.614437,55.772948
512,37.600765,55.719901
513,37.622459,55.757384
514,37.455804,55.729169
515,37.586024,55.762095
516,37.817448,55.712371
517,37.529151,55.802341
518,37.602014,55.762358
519,37.627813,55.757551
520,37.477651,55.712031
521,37.612587,55.693977
522,37.632745,55.735642
523,37.592806,55.743188
524,37.760494,55.65498
525,37.63517,55.728358
526,37.712003,55.784101
527,37.609461,55.728287
528,37.601115,55.768659
529,37.711509,55.781291
530,37.676116,55.763731
531,37.674921,55.859271
532,37.602328,55.767722
533,37.646399,55.801055
534,37.566225,55.764161
535,37.616234,55.806439
536,37.614761,55.772482
537,37.614689,55.804268
538,37.641602,55.817092
539,37.614437,55.772948
540,37.600765,55.719901
541,37.622459,55.757384
542,37.455804,55.729169
543,37.586024,55.762095
544,37.817448,55.712371
545,37.529151,55.802341
546,37.586024,55.762095
547,37.602014,55.762358
548,37.627813,55.757551
549,37.477651,55.712031
550,37.711509,55.781291
551,37.676116,55.763731
552,37.674921,55.859271
553,37.602328,55.767722
554,37.646399,55.801055
555,37.566225,55.764161
556,37.616234,55.806439
557,37.614761,55.772482
558,37.614689,55.804268
559,37.641602,55.817092
560,37.577292,55.771687
561,37.614437,55.772948
562,37.600765,55.719901
563,37.622459,55.757384
564,37.455804,55.729169
565,37.586024,55.762095
566,37.817448,55.712371
567,37.529151,55.802341
568,37.586024,55.762095
569,37.602014,55.762358
570,37.627813,55.757551
571,37.477651,55.712031
572,37.612587,55.693977
573,37.632745,55.735642
574,37.592806,55.743188
575,37.600765,55.719901
576,37.622459,55.757384
577,37.455804,55.729169
578,37.586024,55.762095
579,37.817448,55.712371
580,37.602014,55.762358
581,37.529151,55.802341
582,37.586024,55.762095
583,37.602014,55.762358
584,37.627813,55.757551
585,37.477651,55.712031
586,37.612587,55.693977
587,37.632745,55.735642
588,37.592806,55.743188
589,37.760494,55.65498
590,37.634784,55.759603
591,37.638404,55.770487
592,37.620438,55.738495
593,37.737965,55.634115
594,37.590407,55.751715
595,37.487577,55.738693
596,37.684344,55.766025
597,37.591764,55.755945
598,37.612668,55.756472
599,37.605203,55.753185
600,37.602014,55.762358
601,37.627813,55.757551
602,37.477651,55.712031
603,37.612587,55.693977
604,37.632745,55.735642
605,37.592806,55.743188
606,37.467626,55.78445
607,37.760494,55.65498
608,37.634784,55.759603
609,37.638404,55.770487
610,37.620438,55.738495
611,37.737965,55.634115
612,37.590407,55.751715
613,37.487577,55.738693
614,37.684344,55.766025
615,37.591764,55.755945
616,37.612668,55.756472
617,37.605203,55.753185
618,37.575792,55.730958
619,37.51732,55.929671
620,37.633562,55.769798
621,37.663925,55.743416
622,37.55487,55.692232
623,37.626088,55.77674
624,37.63632,55.780542
625,37.638404,55.770487
626,37.620438,55.738495
627,37.737965,55.634115
628,37.590407,55.751715
629,37.487577,55.738693
630,37.684344,55.766025
631,37.591764,55.755945
632,37.612668,55.756472
633,37.605203,55.753185
634,37.575792,55.730958
635,37.51732,55.929671
636,37.633562,55.769798
637,37.663925,55.743416
638,37.55487,55.692232
639,37.626088,55.77674
640,37.63632,55.780542
641,37.4804,55.66998
642,37.652247,55.748878
643,37.680625,55.730461
644,37.638611,55.774993
645,37.709299,55.744596
646,37.462047,55.792179
647,37.577229,55.779489
648,37.528244,55.800888
649,37.649238,55.754096
650,37.4804,55.66998
651,37.652247,55.748878
652,37.680625,55.730461
653,37.638611,55.774993
654,37.709299,55.744596
655,37.462047,55.792179
656,37.577229,55.779489
657,37.528244,55.800888
658,37.649238,55.754096
659,37.740785,55.70042
660,37.579017,55.778421
661,37.549489,55.740487
662,37.596112,55.767291
663,37.65602,55.769443
664,37.631137,55.7407
665,37.613494,55.767727
666,37.681002,55.775034
667,37.619378,55.809884
668,37.627696,55.727268
669,37.740354,55.706776
670,37.423761,55.904902
671,37.610548,55.754279
672,37.68685,55.756351
673,37.606487,55.857205
674,37.499354,55.651978
675,37.65602,55.769443
676,37.631137,55.7407
677,37.613494,55.767727
678,37.681002,55.775034
679,37.619378,55.809884
680,37.627696,55.727268
681,37.740354,55.706776
682,37.423761,55.904902
683,37.610548,55.754279
684,37.68685,55.756351
685,37.606487,55.857205
686,37.499354,55.651978
687,37.652247,55.748878
688,37.626124,55.739301
689,37.639563,55.77113
690,37.609739,55.75515
691,37.649732,55.674367
692,37.649238,55.754096
693,37.607978,55.766491
694,37.666971,55.74001
695,37.633194,55.770785
696,37.521138,55.790453
697,37.605607,55.750261
698,37.557286,55.834911
699,37.64286,55.759137
700,37.607978,55.766491
701,37.666971,55.74001
702,37.633194,55.770785
703,37.521138,55.790453
704,37.605607,55.750261
705,37.557286,55.834911
706,37.64286,55.759137
707,37.617051,55.771125
708,37.686383,55.76959
709,37.608472,55.720418
710,37.585943,55.75787
711,37.662353,55.768699
712,37.59542,55.798849
713,37.60611,55.76169
714,37.62828,55.757263
715,37.663342,55.819434
716,37.816477,55.730203
717,37.748888,55.792716
718,37.60337,55.767276
719,37.639563,55.77113
720,37.682161,55.732514
721,37.634784,55.759603
722,37.624957,55.67461
723,37.60461,55.790135
724,37.609604,55.729863
725,37.816477,55.730203
726,37.748888,55.792716
727,37.60337,55.767276
728,37.639563,55.77113
729,37.682161,55.732514
730,37.634784,55.759603
731,37.624957,55.67461
732,37.60461,55.790135
733,37.434047,55.843394
734,37.823197,55.780264
735,37.792798,55.744004
736,37.64171,55.671422
737,37.663288,55.766734
738,37.613153,55.771975
739,37.71786,55.826994
740,37.434047,55.843394
741,37.603541,55.718507
742,37.58738,55.762637
743,37.614734,55.687462
744,37.665641,55.722953
745,37.52863,55.819732
746,37.606128,55.788353
747,37.527139,55.800509
748,37.596687,55.760672
749,37.606128,55.788353
750,37.527139,55.800509
751,37.596687,55.760672
752,37.602014,55.762358
753,37.509748,55.811219
754,37.639563,55.77113
755,37.719513,55.715074
756,37.646094,55.70425
757,37.669082,55.740613
758,37.625298,55.734293
759,37.526995,55.809924
760,37.637596,55.745605
761,37.663728,55.76287
762,37.552346,55.799816
763,37.536571,55.756016
764,37.662353,55.768699
765,37.589778,55.751254
766,37.751673,55.668239
767,37.614689,55.804268
768,37.496309,55.806879
769,37.595492,55.747024
770,37.622342,55.763609
771,37.487577,55.738693
772,37.693489,55.802447
773,37.484487,55.627031
774,37.693489,55.802447
775,37.484487,55.627031
776,37.692725,55.722325
777,37.617051,55.771125
778,37.601196,55.76288
779,37.663288,55.766734
780,37.62431,55.71446
781,37.630849,55.7293
782,37.506936,55.819595
783,37.562416,55.794143
784,37.597127,55.777429
785,37.605903,55.727587
786,37.590407,55.751715
787,37.629089,55.804799
788,37.502471,55.81168
789,37.708176,55.754877
790,37.561284,55.675128
791,37.627993,55.72851
792,37.65602,55.745909
793,37.649867,55.67692
794,37.654295,55.761558
795,37.634784,55.759603
796,37.636392,55.75937
797,37.622828,55.756346
798,37.693399,55.778522
799,37.693399,55.778522
800,37.595393,55.735414
801,37.59577,55.776694
802,37.663342,55.819434
803,37.631721,55.773125
804,37.626807,55.727258
805,37.713,55.663756
806,37.622459,55.757384
807,37.648762,55.766557
808,37.628873,55.759426
809,37.634982,55.760049
810,37.586024,55.762095
811,37.604161,55.746416
812,37.580661,55.721463
813,37.663288,55.766734
814,37.605706,55.808999
815,37.685476,55.789876
816,37.522405,55.808128
817,37.555499,55.837424
818,37.694872,55.79351
819,37.633446,55.762338
820,37.630014,55.762328
821,37.562784,55.726188
822,37.646013,55.754633
823,37.623205,55.763356
824,37.652247,55.748878
825,37.486643,55.675758
826,37.520366,55.679483
827,37.621444,55.741607
828,37.661527,55.764541
829,37.659398,55.816181
830,37.632727,55.761138
831,37.632143,55.736458
832,37.610278,55.755996
833,37.562595,55.794447
834,37.589006,55.771428
835,37.486077,55.793713
836,37.709497,55.798353
837,37.728892,55.624047
838,37.560718,55.770213
839,37.696346,55.755778
840,37.545626,55.794285
841,37.615749,55.776219
842,37.620097,55.798207
843,37.526959,55.801136
844,37.628909,55.735763
845,37.693749,55.736255
846,37.6069,55.727136
847,37.596462,55.77717
848,37.515245,55.864636
849,37.534811,55.72706
850,37.599202,55.825178
851,37.611778,55.755495
852,37.631137,55.7407
853,37.58915,55.755844
854,37.626717,55.755029
855,37.643848,55.766025
856,37.655634,55.769783
857,37.631137,55.7407
858,37.602822,55.737583
859,37.664384,55.649865
860,37.655409,55.860039
861,37.434047,55.843394
862,37.663728,55.76287
863,37.655634,55.769783
864,37.645582,55.767742
865,37.553855,55.763711
866,37.627265,55.776289
867,37.712677,55.781074
868,37.5971,55.778542
869,37.733635,55.736311
870,37.726134,55.703758
871,37.597342,55.59689
872,37.617833,55.741936
873,37.591279,55.712076
874,37.663925,55.743416
875,37.49338,55.740502
876,37.675208,55.762617
877,37.609461,55.728287
878,37.607547,55.778507
879,37.769756,55.757009
880,37.706155,55.738079
881,37.654295,55.761558
882,37.619207,55.74114
883,37.680149,55.771874
884,37.646579,55.704301
885,37.742052,55.764901
886,37.694226,55.761355
887,37.587937,55.849959
888,37.613305,55.719708
889,37.638054,55.722649
890,37.760216,55.801597
891,37.543758,55.833703
892,37.613,55.759355
893,37.672379,55.778487
894,37.497863,55.804764
895,37.63915,55.756153
896,37.487847,55.7885
897,37.441862,55.717168
898,37.623986,55.770168
899,37.578568,55.733422
900,37.585943,55.750596
901,37.470042,55.683331
902,37.597818,55.795545
903,37.604753,55.662506
904,37.81363,55.796597
905,37.636033,55.679742
906,37.53305,55.727602
907,37.598259,55.735312
908,37.486643,55.675758
909,37.499758,55.809843
910,37.634604,55.835159
911,37.609901,55.727136
912,37.649238,55.754096
913,37.769118,55.677849
914,37.609901,55.727136
915,37.604008,55.775317
916,37.608005,55.783104
917,37.597747,55.664822
918,37.623268,55.777479
919,37.60222,55.723942
920,37.595707,55.766866
921,37.481576,55.669021
922,37.656478,55.748655
923,37.683356,55.764065
924,37.595123,55.815802
925,37.577112,55.731546
926,37.582691,55.734136
927,37.725343,55.827621
928,37.672136,55.722984
929,37.759605,55.64701
930,37.577714,55.668894
931,37.54418,55.833263
932,37.613898,55.659952
933,37.670905,55.769641
934,37.612066,55.756873
935,37.651627,55.73294
936,37.517617,55.938844
937,37.664384,55.649865
938,37.684182,55.777732
939,37.724481,55.893263
940,37.647657,55.76175
941,37.624687,55.734212
942,37.409846,55.803469
943,37.640327,55.858276
944,37.686015,55.792736
945,37.758832,55.801617
946,37.662039,55.763488
947,37.507637,55.841898
948,37.596687,55.760672
949,37.664923,56.015394
950,37.694639,55.793303
951,37.65602,55.745909
952,37.609497,55.755596
953,37.769037,55.750591
954,37.597549,55.777778
955,37.620097,55.798207
956,37.593012,55.778709
957,37.56777,55.763837
958,37.705374,55.757511
959,37.595465,55.777287
960,37.645196,55.704215
961,37.594351,55.77999
962,37.61989,55.703936
963,37.623142,55.762667
964,37.565039,55.675164
965,37.410978,55.733787
966,37.598169,55.778132
967,37.662039,55.763488
968,37.648528,55.756791
969,37.639563,55.77113
970,37.696903,55.856513
971,37.6069,55.727136
972,37.731856,55.771084
973,37.623798,55.763579
974,37.739932,55.731364
975,37.409055,55.829219
976,37.510017,55.786971
977,37.603774,55.710707
978,37.51079,55.712061
979,37.577121,55.753661
980,37.740336,55.651653
981,37.597495,55.64382
982,37.58517,55.760768
983,37.632727,55.761138
984,37.614581,55.616585
985,37.677831,55.763305
986,37.633571,55.761041
987,37.492078,55.777707
988,37.57077,55.782
989,37.534523,55.682493
990,37.51662,55.681666
991,37.409909,55.734167
992,37.716252,55.716326
993,37.723062,55.668092
994,37.618911,55.769646
995,37.69215,55.736807
996,37.648106,55.753164
997,37.520653,55.929177
998,37.635467,55.764637
999,37.44974,55.780967
1000,37.609038,55.73256
1001,37.58517,55.762014
1002,37.522252,55.846795
1003,37.623304,55.762961
1004,37.58517,55.762014
1005,37.586024,55.762095
1006,37.660386,55.783094
1007,37.630149,55.776563
1008,37.700927,55.756862
1009,37.713072,55.895308
1010,37.663288,55.766734
1011,37.663342,55.819434
1012,37.58517,55.762014
1013,37.677589,55.765478
1014,37.719881,55.672727
1015,37.617833,55.741936
1016,37.535143,55.696651
1017,37.540488,55.748143
1018,37.719244,55.7836
1019,37.606281,55.822878
1020,37.611778,55.755495
1021,37.562021,55.663365
1022,37.747307,55.696088
